START: Wroclaw;Oborniki;12;160;18;-1
STEP: 499.4770236396315;247.38511819815756;0;0
STEP: 498.954047279263;244.7702363963151;1;0
STEP: 498.43107091889453;242.15535459447267;2;0
STEP: 497.90809455852605;239.54047279263023;3;0
STEP: 497.38511819815756;236.92559099078778;4;0
STEP: 496.86214183778907;234.31070918894534;5;0
STEP: 496.3391654774206;231.6958273871029;6;0
STEP: 495.8161891170521;229.08094558526045;7;0
STEP: 495.2932127566836;226.466063783418;8;0
STEP: 494.7702363963151;223.85118198157556;9;0
STEP: 494.2472600359466;221.23630017973312;10;0
STEP: 493.72428367557814;218.62141837789068;11;0
STEP: 493.20130731520965;216.00653657604823;12;0
STEP: 492.67833095484116;213.3916547742058;13;0
STEP: 492.15535459447267;210.77677297236335;14;0
STEP: 491.6323782341042;208.1618911705209;15;0
STEP: 491.1094018737357;205.54700936867846;16;0
STEP: 490.5864255133672;202.93212756683602;17;0
STEP: 490.0634491529987;200.31724576499357;18;0
NEW DIRECTION: Oborniki;Zmigrod;19;160
STEP: 490.0;200.0;19;0
STEP: 489.4770236396315;197.38511819815756;20;0
STEP: 488.954047279263;194.7702363963151;21;0
STEP: 488.43107091889453;192.15535459447267;22;0
STEP: 487.90809455852605;189.54047279263023;23;0
STEP: 487.38511819815756;186.92559099078778;24;0
STEP: 486.86214183778907;184.31070918894534;25;0
STEP: 486.3391654774206;181.6958273871029;26;0
STEP: 485.8161891170521;179.08094558526045;27;0
STEP: 485.2932127566836;176.466063783418;28;0
STEP: 484.7702363963151;173.85118198157556;29;0
STEP: 484.2472600359466;171.23630017973312;30;0
STEP: 483.72428367557814;168.62141837789068;31;0
STEP: 483.20130731520965;166.00653657604823;32;0
STEP: 482.67833095484116;163.3916547742058;33;0
STEP: 482.15535459447267;160.77677297236335;34;0
STEP: 481.6323782341042;158.1618911705209;35;0
STEP: 481.1094018737357;155.54700936867846;36;0
STEP: 480.5864255133672;152.93212756683602;37;0
STEP: 480.0634491529987;150.31724576499357;38;0
STEP: 479.5404727926302;147.70236396315113;39;0
STEP: 479.01749643226174;145.08748216130869;40;0
STEP: 478.49452007189325;142.47260035946624;41;0
STEP: 477.97154371152476;139.8577185576238;42;0
STEP: 477.44856735115627;137.24283675578135;43;0
STEP: 476.9255909907878;134.6279549539389;44;0
STEP: 476.4026146304193;132.01307315209647;45;0
STEP: 475.8796382700508;129.39819135025402;46;0
STEP: 475.3566619096823;126.78330954841157;47;0
STEP: 474.8336855493138;124.16842774656911;48;0
STEP: 474.31070918894534;121.55354594472665;49;0
STEP: 473.78773282857685;118.93866414288419;50;0
STEP: 473.26475646820836;116.32378234104173;51;0
STEP: 472.7417801078399;113.70890053919928;52;0
STEP: 472.2188037474714;111.09401873735682;53;0
STEP: 471.6958273871029;108.47913693551436;54;0
STEP: 471.1728510267344;105.8642551336719;55;0
STEP: 470.6498746663659;103.24937333182945;56;0
STEP: 470.12689830599743;100.63449152998699;57;0
NEW DIRECTION: Zmigrod;Rawicz;58;160
STEP: 470.0;100.0;58;0
STEP: 469.62287638336716;97.36013468357022;59;0
STEP: 469.2457527667343;94.72026936714045;60;0
STEP: 468.86862915010147;92.08040405071067;61;0
STEP: 468.4915055334686;89.44053873428089;62;0
STEP: 468.1143819168358;86.80067341785112;63;0
STEP: 467.73725830020294;84.16080810142134;64;0
STEP: 467.3601346835701;81.52094278499156;65;0
STEP: 466.98301106693725;78.88107746856178;66;0
STEP: 466.6058874503044;76.24121215213201;67;0
STEP: 466.22876383367156;73.60134683570223;68;0
STEP: 465.8516402170387;70.96148151927245;69;0
STEP: 465.4745166004059;68.32161620284268;70;0
STEP: 465.09739298377303;65.6817508864129;71;0
STEP: 464.7202693671402;63.04188556998312;72;0
STEP: 464.34314575050735;60.402020253553346;73;0
STEP: 463.9660221338745;57.76215493712357;74;0
STEP: 463.58889851724166;55.12228962069379;75;0
STEP: 463.2117749006088;52.482424304264015;76;0
STEP: 462.834651283976;49.84255898783424;77;0
STEP: 462.45752766734313;47.20269367140446;78;0
STEP: 462.0804040507103;44.562828354974684;79;0
STEP: 461.70328043407744;41.92296303854491;80;0
STEP: 461.3261568174446;39.28309772211513;81;0
STEP: 460.94903320081175;36.64323240568535;82;0
STEP: 460.5719095841789;34.003367089255576;83;0
STEP: 460.19478596754607;31.3635017728258;84;0
NEW DIRECTION: Rawicz;Zmigrod;85;160
STEP: 460.0;30.0;85;0
STEP: 460.37712361663284;32.63986531642978;86;0
STEP: 460.7542472332657;35.279730632859554;87;0
STEP: 461.13137084989853;37.91959594928933;88;0
STEP: 461.5084944665314;40.55946126571911;89;0
STEP: 461.8856180831642;43.199326582148885;90;0
STEP: 462.26274169979706;45.83919189857866;91;0
STEP: 462.6398653164299;48.47905721500844;92;0
STEP: 463.01698893306275;51.118922531438216;93;0
STEP: 463.3941125496956;53.75878784786799;94;0
STEP: 463.77123616632844;56.39865316429777;95;0
STEP: 464.1483597829613;59.03851848072755;96;0
STEP: 464.5254833995941;61.67838379715732;97;0
STEP: 464.90260701622697;64.3182491135871;98;0
STEP: 465.2797306328598;66.95811443001688;99;0
STEP: 465.65685424949265;69.59797974644665;100;0
STEP: 466.0339778661255;72.23784506287643;101;0
STEP: 466.41110148275834;74.87771037930621;102;0
STEP: 466.7882250993912;77.51757569573599;103;0
STEP: 467.165348716024;80.15744101216576;104;0
STEP: 467.54247233265687;82.79730632859554;105;0
STEP: 467.9195959492897;85.43717164502532;106;0
STEP: 468.29671956592256;88.0770369614551;107;0
STEP: 468.6738431825554;90.71690227788487;108;0
STEP: 469.05096679918825;93.35676759431465;109;0
STEP: 469.4280904158211;95.99663291074442;110;0
STEP: 469.80521403245393;98.6364982271742;111;0
NEW DIRECTION: Zmigrod;Oborniki;112;160
STEP: 470.0;100.0;112;0
STEP: 470.5229763603685;102.61488180184246;113;0
STEP: 471.045952720737;105.22976360368492;114;0
STEP: 471.56892908110547;107.84464540552737;115;0
STEP: 472.09190544147395;110.45952720736983;116;0
STEP: 472.61488180184244;113.07440900921229;117;0
STEP: 473.13785816221093;115.68929081105475;118;0
STEP: 473.6608345225794;118.3041726128972;119;0
STEP: 474.1838108829479;120.91905441473966;120;0
STEP: 474.7067872433164;123.53393621658212;121;0
STEP: 475.2297636036849;126.14881801842458;122;0
STEP: 475.7527399640534;128.76369982026702;123;0
STEP: 476.27571632442186;131.37858162210946;124;0
STEP: 476.79869268479035;133.9934634239519;125;0
STEP: 477.32166904515884;136.60834522579435;126;0
STEP: 477.84464540552733;139.2232270276368;127;0
STEP: 478.3676217658958;141.83810882947924;128;0
STEP: 478.8905981262643;144.45299063132168;129;0
STEP: 479.4135744866328;147.06787243316413;130;0
STEP: 479.9365508470013;149.68275423500657;131;0
STEP: 480.4595272073698;152.297636036849;132;0
STEP: 480.98250356773826;154.91251783869146;133;0
STEP: 481.50547992810675;157.5273996405339;134;0
STEP: 482.02845628847524;160.14228144237634;135;0
STEP: 482.55143264884373;162.7571632442188;136;0
STEP: 483.0744090092122;165.37204504606123;137;0
STEP: 483.5973853695807;167.98692684790367;138;0
STEP: 484.1203617299492;170.60180864974612;139;0
STEP: 484.6433380903177;173.21669045158856;140;0
STEP: 485.1663144506862;175.831572253431;141;0
STEP: 485.68929081105466;178.44645405527345;142;0
STEP: 486.21226717142315;181.0613358571159;143;0
STEP: 486.73524353179164;183.67621765895834;144;0
STEP: 487.2582198921601;186.29109946080078;145;0
STEP: 487.7811962525286;188.90598126264322;146;0
STEP: 488.3041726128971;191.52086306448567;147;0
STEP: 488.8271489732656;194.1357448663281;148;0
STEP: 489.3501253336341;196.75062666817055;149;0
STEP: 489.87310169400257;199.365508470013;150;0
NEW DIRECTION: Oborniki;Wroclaw;151;160
STEP: 490.0;200.0;151;0
STEP: 490.5229763603685;202.61488180184244;152;0
STEP: 491.045952720737;205.2297636036849;153;0
STEP: 491.56892908110547;207.84464540552733;154;0
STEP: 492.09190544147395;210.45952720736977;155;0
STEP: 492.61488180184244;213.07440900921222;156;0
STEP: 493.13785816221093;215.68929081105466;157;0
STEP: 493.6608345225794;218.3041726128971;158;0
STEP: 494.1838108829479;220.91905441473955;159;0
STEP: 494.7067872433164;223.533936216582;160;0
STEP: 495.2297636036849;226.14881801842444;161;0
STEP: 495.7527399640534;228.76369982026688;162;0
STEP: 496.27571632442186;231.37858162210932;163;0
STEP: 496.79869268479035;233.99346342395177;164;0
STEP: 497.32166904515884;236.6083452257942;165;0
STEP: 497.84464540552733;239.22322702763665;166;0
STEP: 498.3676217658958;241.8381088294791;167;0
STEP: 498.8905981262643;244.45299063132154;168;0
STEP: 499.4135744866328;247.06787243316398;169;0
STEP: 499.9365508470013;249.68275423500643;170;0
(!) END OF ROUTE: 18;171;153;Wroclaw
