START: Wroclaw;Olawa;15;160;36;-1
STEP: 501.8856180831641;251.88561808316413;0;0
STEP: 503.7712361663282;253.77123616632826;1;0
STEP: 505.6568542494923;255.6568542494924;2;0
STEP: 507.5424723326564;257.54247233265653;3;0
STEP: 509.4280904158205;259.42809041582063;4;0
STEP: 511.3137084989846;261.31370849898474;5;0
STEP: 513.1993265821487;263.19932658214884;6;0
STEP: 515.0849446653128;265.08494466531295;7;0
STEP: 516.9705627484769;266.97056274847705;8;0
STEP: 518.856180831641;268.85618083164115;9;0
STEP: 520.7417989148051;270.74179891480526;10;0
STEP: 522.6274169979692;272.62741699796936;11;0
STEP: 524.5130350811334;274.51303508113347;12;0
STEP: 526.3986531642975;276.39865316429757;13;0
STEP: 528.2842712474616;278.2842712474617;14;0
STEP: 530.1698893306257;280.1698893306258;15;0
STEP: 532.0555074137898;282.0555074137899;16;0
STEP: 533.9411254969539;283.941125496954;17;0
STEP: 535.826743580118;285.8267435801181;18;0
STEP: 537.7123616632821;287.7123616632822;19;0
STEP: 539.5979797464462;289.5979797464463;20;0
STEP: 541.4835978296103;291.4835978296104;21;0
STEP: 543.3692159127744;293.3692159127745;22;0
STEP: 545.2548339959385;295.2548339959386;23;0
STEP: 547.1404520791026;297.1404520791027;24;0
STEP: 549.0260701622667;299.0260701622668;25;0
STEP: 550.9116882454308;300.9116882454309;26;0
STEP: 552.7973063285949;302.797306328595;27;0
STEP: 554.682924411759;304.68292441175913;28;0
STEP: 556.5685424949231;306.56854249492324;29;0
STEP: 558.4541605780872;308.45416057808734;30;0
STEP: 560.3397786612513;310.33977866125144;31;0
STEP: 562.2253967444154;312.22539674441555;32;0
STEP: 564.1110148275795;314.11101482757965;33;0
STEP: 565.9966329107436;315.99663291074376;34;0
STEP: 567.8822509939077;317.88225099390786;35;0
STEP: 569.7678690770719;319.76786907707196;36;0
STEP: 571.653487160236;321.65348716023607;37;0
STEP: 573.5391052434001;323.5391052434002;38;0
STEP: 575.4247233265642;325.4247233265643;39;0
STEP: 577.3103414097283;327.3103414097284;40;0
STEP: 579.1959594928924;329.1959594928925;41;0
STEP: 581.0815775760565;331.0815775760566;42;0
STEP: 582.9671956592206;332.9671956592207;43;0
STEP: 584.8528137423847;334.8528137423848;44;0
STEP: 586.7384318255488;336.7384318255489;45;0
STEP: 588.6240499087129;338.624049908713;46;0
NEW DIRECTION: Olawa;Brzeg;47;160
STEP: 590.0;340.0;47;0
STEP: 592.341054861105;341.2769390151482;48;0
STEP: 594.68210972221;342.55387803029635;49;0
STEP: 597.0231645833151;343.8308170454445;50;0
STEP: 599.3642194444201;345.1077560605927;51;0
STEP: 601.7052743055251;346.38469507574086;52;0
STEP: 604.0463291666301;347.66163409088904;53;0
STEP: 606.3873840277352;348.9385731060372;54;0
STEP: 608.7284388888402;350.2155121211854;55;0
STEP: 611.0694937499452;351.49245113633356;56;0
STEP: 613.4105486110502;352.76939015148173;57;0
STEP: 615.7516034721552;354.0463291666299;58;0
STEP: 618.0926583332603;355.3232681817781;59;0
STEP: 620.4337131943653;356.60020719692625;60;0
STEP: 622.7747680554703;357.8771462120744;61;0
STEP: 625.1158229165753;359.1540852272226;62;0
STEP: 627.4568777776803;360.43102424237077;63;0
STEP: 629.7979326387854;361.70796325751894;64;0
STEP: 632.1389874998904;362.9849022726671;65;0
STEP: 634.4800423609954;364.2618412878153;66;0
STEP: 636.8210972221004;365.53878030296346;67;0
STEP: 639.1621520832055;366.81571931811163;68;0
STEP: 641.5032069443105;368.0926583332598;69;0
STEP: 643.8442618054155;369.369597348408;70;0
STEP: 646.1853166665205;370.64653636355615;71;0
STEP: 648.5263715276255;371.9234753787043;72;0
STEP: 650.8674263887306;373.2004143938525;73;0
STEP: 653.2084812498356;374.47735340900067;74;0
STEP: 655.5495361109406;375.75429242414884;75;0
STEP: 657.8905909720456;377.031231439297;76;0
STEP: 660.2316458331507;378.3081704544452;77;0
STEP: 662.5727006942557;379.58510946959336;78;0
STEP: 664.9137555553607;380.86204848474154;79;0
STEP: 667.2548104164657;382.1389874998897;80;0
STEP: 669.5958652775707;383.4159265150379;81;0
STEP: 671.9369201386758;384.69286553018605;82;0
STEP: 674.2779749997808;385.9698045453342;83;0
STEP: 676.6190298608858;387.2467435604824;84;0
STEP: 678.9600847219908;388.5236825756306;85;0
STEP: 681.3011395830958;389.80062159077875;86;0
STEP: 683.6421944442009;391.0775606059269;87;0
STEP: 685.9832493053059;392.3544996210751;88;0
STEP: 688.3243041664109;393.63143863622327;89;0
STEP: 690.6653590275159;394.90837765137144;90;0
STEP: 693.006413888621;396.1853166665196;91;0
STEP: 695.347468749726;397.4622556816678;92;0
STEP: 697.688523610831;398.73919469681596;93;0
NEW DIRECTION: Brzeg;Opole;94;160
STEP: 700.0;400.0;94;0
STEP: 702.5870466670542;400.64676166676355;95;0
STEP: 705.1740933341084;401.2935233335271;96;0
STEP: 707.7611400011626;401.94028500029066;97;0
STEP: 710.3481866682168;402.5870466670542;98;0
STEP: 712.935233335271;403.23380833381776;99;0
STEP: 715.5222800023253;403.8805700005813;100;0
STEP: 718.1093266693795;404.52733166734487;101;0
STEP: 720.6963733364337;405.1740933341084;102;0
STEP: 723.2834200034879;405.820855000872;103;0
STEP: 725.8704666705421;406.4676166676355;104;0
STEP: 728.4575133375963;407.1143783343991;105;0
STEP: 731.0445600046505;407.76114000116263;106;0
STEP: 733.6316066717047;408.4079016679262;107;0
STEP: 736.2186533387589;409.05466333468974;108;0
STEP: 738.8057000058132;409.7014250014533;109;0
STEP: 741.3927466728674;410.34818666821684;110;0
STEP: 743.9797933399216;410.9949483349804;111;0
STEP: 746.5668400069758;411.64171000174395;112;0
STEP: 749.15388667403;412.2884716685075;113;0
STEP: 751.7409333410842;412.93523333527105;114;0
STEP: 754.3279800081384;413.5819950020346;115;0
STEP: 756.9150266751926;414.22875666879816;116;0
STEP: 759.5020733422468;414.8755183355617;117;0
STEP: 762.089120009301;415.52228000232526;118;0
STEP: 764.6761666763553;416.1690416690888;119;0
STEP: 767.2632133434095;416.81580333585237;120;0
STEP: 769.8502600104637;417.4625650026159;121;0
STEP: 772.4373066775179;418.10932666937947;122;0
STEP: 775.0243533445721;418.756088336143;123;0
STEP: 777.6114000116263;419.4028500029066;124;0
STEP: 780.1984466786805;420.0496116696701;125;0
STEP: 782.7854933457347;420.6963733364337;126;0
STEP: 785.3725400127889;421.34313500319723;127;0
STEP: 787.9595866798431;421.9898966699608;128;0
STEP: 790.5466333468974;422.63665833672434;129;0
STEP: 793.1336800139516;423.2834200034879;130;0
STEP: 795.7207266810058;423.93018167025144;131;0
STEP: 798.30777334806;424.576943337015;132;0
STEP: 800.8948200151142;425.22370500377855;133;0
STEP: 803.4818666821684;425.8704666705421;134;0
STEP: 806.0689133492226;426.51722833730565;135;0
STEP: 808.6559600162768;427.1639900040692;136;0
STEP: 811.243006683331;427.81075167083276;137;0
STEP: 813.8300533503852;428.4575133375963;138;0
STEP: 816.4171000174395;429.10427500435986;139;0
STEP: 819.0041466844937;429.7510366711234;140;0
STEP: 821.5911933515479;430.39779833788697;141;0
STEP: 824.1782400186021;431.0445600046505;142;0
STEP: 826.7652866856563;431.6913216714141;143;0
STEP: 829.3523333527105;432.3380833381776;144;0
STEP: 831.9393800197647;432.9848450049412;145;0
STEP: 834.5264266868189;433.63160667170473;146;0
STEP: 837.1134733538731;434.2783683384683;147;0
STEP: 839.7005200209273;434.92513000523184;148;0
STEP: 842.2875666879816;435.5718916719954;149;0
STEP: 844.8746133550358;436.21865333875894;150;0
STEP: 847.46166002209;436.8654150055225;151;0
STEP: 850.0487066891442;437.51217667228605;152;0
STEP: 852.6357533561984;438.1589383390496;153;0
STEP: 855.2228000232526;438.80570000581315;154;0
STEP: 857.8098466903068;439.4524616725767;155;0
STEP: 860.396893357361;440.09922333934026;156;0
STEP: 862.9839400244152;440.7459850061038;157;0
STEP: 865.5709866914694;441.39274667286736;158;0
STEP: 868.1580333585237;442.0395083396309;159;0
STEP: 870.7450800255779;442.68627000639447;160;0
STEP: 873.3321266926321;443.333031673158;161;0
STEP: 875.9191733596863;443.97979333992157;162;0
STEP: 878.5062200267405;444.6265550066851;163;0
STEP: 881.0932666937947;445.2733166734487;164;0
STEP: 883.6803133608489;445.9200783402122;165;0
STEP: 886.2673600279031;446.5668400069758;166;0
STEP: 888.8544066949573;447.21360167373933;167;0
STEP: 891.4414533620115;447.8603633405029;168;0
STEP: 894.0285000290658;448.50712500726644;169;0
STEP: 896.61554669612;449.15388667403;170;0
STEP: 899.2025933631742;449.80064834079354;171;0
NEW DIRECTION: Opole;Brzeg;172;160
STEP: 900.0;450.0;172;0
STEP: 897.4129533329458;449.35323833323645;173;0
STEP: 894.8259066658916;448.7064766664729;174;0
STEP: 892.2388599988374;448.05971499970934;175;0
STEP: 889.6518133317832;447.4129533329458;176;0
STEP: 887.064766664729;446.76619166618224;177;0
STEP: 884.4777199976747;446.1194299994187;178;0
STEP: 881.8906733306205;445.47266833265513;179;0
STEP: 879.3036266635663;444.8259066658916;180;0
STEP: 876.7165799965121;444.179144999128;181;0
STEP: 874.1295333294579;443.5323833323645;182;0
STEP: 871.5424866624037;442.8856216656009;183;0
STEP: 868.9554399953495;442.23885999883737;184;0
STEP: 866.3683933282953;441.5920983320738;185;0
STEP: 863.7813466612411;440.94533666531026;186;0
STEP: 861.1942999941868;440.2985749985467;187;0
STEP: 858.6072533271326;439.65181333178316;188;0
STEP: 856.0202066600784;439.0050516650196;189;0
STEP: 853.4331599930242;438.35828999825605;190;0
STEP: 850.84611332597;437.7115283314925;191;0
STEP: 848.2590666589158;437.06476666472895;192;0
STEP: 845.6720199918616;436.4180049979654;193;0
STEP: 843.0849733248074;435.77124333120184;194;0
STEP: 840.4979266577532;435.1244816644383;195;0
STEP: 837.910879990699;434.47771999767474;196;0
STEP: 835.3238333236447;433.8309583309112;197;0
STEP: 832.7367866565905;433.18419666414763;198;0
STEP: 830.1497399895363;432.5374349973841;199;0
STEP: 827.5626933224821;431.89067333062053;200;0
STEP: 824.9756466554279;431.243911663857;201;0
STEP: 822.3885999883737;430.5971499970934;202;0
STEP: 819.8015533213195;429.9503883303299;203;0
STEP: 817.2145066542653;429.3036266635663;204;0
STEP: 814.6274599872111;428.65686499680277;205;0
STEP: 812.0404133201569;428.0101033300392;206;0
STEP: 809.4533666531026;427.36334166327566;207;0
STEP: 806.8663199860484;426.7165799965121;208;0
STEP: 804.2792733189942;426.06981832974856;209;0
STEP: 801.69222665194;425.423056662985;210;0
STEP: 799.1051799848858;424.77629499622145;211;0
STEP: 796.5181333178316;424.1295333294579;212;0
STEP: 793.9310866507774;423.48277166269435;213;0
STEP: 791.3440399837232;422.8360099959308;214;0
STEP: 788.756993316669;422.18924832916724;215;0
STEP: 786.1699466496148;421.5424866624037;216;0
STEP: 783.5828999825605;420.89572499564014;217;0
STEP: 780.9958533155063;420.2489633288766;218;0
STEP: 778.4088066484521;419.60220166211303;219;0
STEP: 775.8217599813979;418.9554399953495;220;0
STEP: 773.2347133143437;418.3086783285859;221;0
STEP: 770.6476666472895;417.6619166618224;222;0
STEP: 768.0606199802353;417.0151549950588;223;0
STEP: 765.4735733131811;416.36839332829527;224;0
STEP: 762.8865266461269;415.7216316615317;225;0
STEP: 760.2994799790727;415.07486999476816;226;0
STEP: 757.7124333120184;414.4281083280046;227;0
STEP: 755.1253866449642;413.78134666124106;228;0
STEP: 752.53833997791;413.1345849944775;229;0
STEP: 749.9512933108558;412.48782332771395;230;0
STEP: 747.3642466438016;411.8410616609504;231;0
STEP: 744.7771999767474;411.19429999418685;232;0
STEP: 742.1901533096932;410.5475383274233;233;0
STEP: 739.603106642639;409.90077666065974;234;0
STEP: 737.0160599755848;409.2540149938962;235;0
STEP: 734.4290133085306;408.60725332713264;236;0
STEP: 731.8419666414763;407.9604916603691;237;0
STEP: 729.2549199744221;407.31372999360553;238;0
STEP: 726.6678733073679;406.666968326842;239;0
STEP: 724.0808266403137;406.02020666007843;240;0
STEP: 721.4937799732595;405.3734449933149;241;0
STEP: 718.9067333062053;404.7266833265513;242;0
STEP: 716.3196866391511;404.0799216597878;243;0
STEP: 713.7326399720969;403.4331599930242;244;0
STEP: 711.1455933050427;402.78639832626067;245;0
STEP: 708.5585466379885;402.1396366594971;246;0
STEP: 705.9714999709342;401.49287499273356;247;0
STEP: 703.38445330388;400.84611332597;248;0
STEP: 700.7974066368258;400.19935165920646;249;0
NEW DIRECTION: Brzeg;Olawa;250;160
STEP: 700.0;400.0;250;0
STEP: 697.658945138895;398.7230609848518;251;0
STEP: 695.31789027779;397.44612196970365;252;0
STEP: 692.9768354166849;396.1691829545555;253;0
STEP: 690.6357805555799;394.8922439394073;254;0
STEP: 688.2947256944749;393.61530492425914;255;0
STEP: 685.9536708333699;392.33836590911096;256;0
STEP: 683.6126159722648;391.0614268939628;257;0
STEP: 681.2715611111598;389.7844878788146;258;0
STEP: 678.9305062500548;388.50754886366644;259;0
STEP: 676.5894513889498;387.23060984851827;260;0
STEP: 674.2483965278448;385.9536708333701;261;0
STEP: 671.9073416667397;384.6767318182219;262;0
STEP: 669.5662868056347;383.39979280307375;263;0
STEP: 667.2252319445297;382.1228537879256;264;0
STEP: 664.8841770834247;380.8459147727774;265;0
STEP: 662.5431222223197;379.56897575762923;266;0
STEP: 660.2020673612146;378.29203674248106;267;0
STEP: 657.8610125001096;377.0150977273329;268;0
STEP: 655.5199576390046;375.7381587121847;269;0
STEP: 653.1789027778996;374.46121969703654;270;0
STEP: 650.8378479167945;373.18428068188837;271;0
STEP: 648.4967930556895;371.9073416667402;272;0
STEP: 646.1557381945845;370.630402651592;273;0
STEP: 643.8146833334795;369.35346363644385;274;0
STEP: 641.4736284723745;368.0765246212957;275;0
STEP: 639.1325736112694;366.7995856061475;276;0
STEP: 636.7915187501644;365.52264659099933;277;0
STEP: 634.4504638890594;364.24570757585116;278;0
STEP: 632.1094090279544;362.968768560703;279;0
STEP: 629.7683541668493;361.6918295455548;280;0
STEP: 627.4272993057443;360.41489053040664;281;0
STEP: 625.0862444446393;359.13795151525846;282;0
STEP: 622.7451895835343;357.8610125001103;283;0
STEP: 620.4041347224293;356.5840734849621;284;0
STEP: 618.0630798613242;355.30713446981395;285;0
STEP: 615.7220250002192;354.0301954546658;286;0
STEP: 613.3809701391142;352.7532564395176;287;0
STEP: 611.0399152780092;351.4763174243694;288;0
STEP: 608.6988604169042;350.19937840922125;289;0
STEP: 606.3578055557991;348.9224393940731;290;0
STEP: 604.0167506946941;347.6455003789249;291;0
STEP: 601.6756958335891;346.36856136377673;292;0
STEP: 599.3346409724841;345.09162234862856;293;0
STEP: 596.993586111379;343.8146833334804;294;0
STEP: 594.652531250274;342.5377443183322;295;0
STEP: 592.311476389169;341.26080530318404;296;0
NEW DIRECTION: Olawa;Wroclaw;297;160
STEP: 590.0;340.0;297;0
STEP: 588.1143819168359;338.1143819168359;298;0
STEP: 586.2287638336718;336.2287638336718;299;0
STEP: 584.3431457505077;334.3431457505077;300;0
STEP: 582.4575276673436;332.4575276673436;301;0
STEP: 580.5719095841795;330.5719095841795;302;0
STEP: 578.6862915010154;328.6862915010154;303;0
STEP: 576.8006734178513;326.80067341785127;304;0
STEP: 574.9150553346872;324.91505533468717;305;0
STEP: 573.0294372515231;323.02943725152306;306;0
STEP: 571.143819168359;321.14381916835896;307;0
STEP: 569.2582010851949;319.25820108519486;308;0
STEP: 567.3725830020308;317.37258300203075;309;0
STEP: 565.4869649188666;315.48696491886665;310;0
STEP: 563.6013468357025;313.60134683570254;311;0
STEP: 561.7157287525384;311.71572875253844;312;0
STEP: 559.8301106693743;309.83011066937433;313;0
STEP: 557.9444925862102;307.94449258621023;314;0
STEP: 556.0588745030461;306.0588745030461;315;0
STEP: 554.173256419882;304.173256419882;316;0
STEP: 552.2876383367179;302.2876383367179;317;0
STEP: 550.4020202535538;300.4020202535538;318;0
STEP: 548.5164021703897;298.5164021703897;319;0
STEP: 546.6307840872256;296.6307840872256;320;0
STEP: 544.7451660040615;294.7451660040615;321;0
STEP: 542.8595479208974;292.8595479208974;322;0
STEP: 540.9739298377333;290.9739298377333;323;0
STEP: 539.0883117545692;289.0883117545692;324;0
STEP: 537.2026936714051;287.2026936714051;325;0
STEP: 535.317075588241;285.317075588241;326;0
STEP: 533.4314575050769;283.4314575050769;327;0
STEP: 531.5458394219128;281.5458394219128;328;0
STEP: 529.6602213387487;279.66022133874867;329;0
STEP: 527.7746032555846;277.77460325558457;330;0
STEP: 525.8889851724205;275.88898517242046;331;0
STEP: 524.0033670892564;274.00336708925636;332;0
STEP: 522.1177490060923;272.11774900609225;333;0
STEP: 520.2321309229281;270.23213092292815;334;0
STEP: 518.346512839764;268.34651283976405;335;0
STEP: 516.4608947565999;266.46089475659994;336;0
STEP: 514.5752766734358;264.57527667343584;337;0
STEP: 512.6896585902717;262.68965859027173;338;0
STEP: 510.80404050710763;260.80404050710763;339;0
STEP: 508.9184224239435;258.9184224239435;340;0
STEP: 507.0328043407794;257.0328043407794;341;0
STEP: 505.1471862576153;255.1471862576153;342;0
STEP: 503.2615681744512;253.26156817445116;343;0
STEP: 501.3759500912871;251.37595009128702;344;0
(!) END OF ROUTE: 36;345;309;Wroclaw
