START: Opole;Wroclaw;15;160;53;-1
STEP: 897.6148608240002;448.8074304120001;0;0
STEP: 895.2297216480003;447.6148608240002;1;0
STEP: 892.8445824720005;446.42229123600026;2;0
STEP: 890.4594432960007;445.22972164800035;3;0
STEP: 888.0743041200009;444.03715206000044;4;0
STEP: 885.689164944001;442.8445824720005;5;0
STEP: 883.3040257680012;441.6520128840006;6;0
STEP: 880.9188865920014;440.4594432960007;7;0
STEP: 878.5337474160016;439.2668737080008;8;0
STEP: 876.1486082400017;438.0743041200009;9;0
STEP: 873.7634690640019;436.88173453200096;10;0
STEP: 871.3783298880021;435.68916494400105;11;0
STEP: 868.9931907120023;434.49659535600114;12;0
STEP: 866.6080515360024;433.3040257680012;13;0
STEP: 864.2229123600026;432.1114561800013;14;0
STEP: 861.8377731840028;430.9188865920014;15;0
STEP: 859.452634008003;429.7263170040015;16;0
STEP: 857.0674948320031;428.5337474160016;17;0
STEP: 854.6823556560033;427.34117782800166;18;0
STEP: 852.2972164800035;426.14860824000175;19;0
STEP: 849.9120773040037;424.95603865200184;20;0
STEP: 847.5269381280038;423.7634690640019;21;0
STEP: 845.141798952004;422.570899476002;22;0
STEP: 842.7566597760042;421.3783298880021;23;0
STEP: 840.3715206000044;420.1857603000022;24;0
STEP: 837.9863814240045;418.9931907120023;25;0
STEP: 835.6012422480047;417.80062112400236;26;0
STEP: 833.2161030720049;416.60805153600245;27;0
STEP: 830.8309638960051;415.41548194800254;28;0
STEP: 828.4458247200052;414.2229123600026;29;0
STEP: 826.0606855440054;413.0303427720027;30;0
STEP: 823.6755463680056;411.8377731840028;31;0
STEP: 821.2904071920058;410.6452035960029;32;0
STEP: 818.905268016006;409.452634008003;33;0
STEP: 816.5201288400061;408.26006442000306;34;0
STEP: 814.1349896640063;407.06749483200315;35;0
STEP: 811.7498504880065;405.87492524400324;36;0
STEP: 809.3647113120066;404.6823556560033;37;0
STEP: 806.9795721360068;403.4897860680034;38;0
STEP: 804.594432960007;402.2972164800035;39;0
STEP: 802.2092937840072;401.1046468920036;40;0
STEP: 799.8241546080073;399.9120773040037;41;0
STEP: 797.4390154320075;398.71950771600376;42;0
STEP: 795.0538762560077;397.52693812800385;43;0
STEP: 792.6687370800079;396.33436854000394;44;0
STEP: 790.283597904008;395.141798952004;45;0
STEP: 787.8984587280082;393.9492293640041;46;0
STEP: 785.5133195520084;392.7566597760042;47;0
STEP: 783.1281803760086;391.5640901880043;48;0
STEP: 780.7430412000087;390.3715206000044;49;0
STEP: 778.3579020240089;389.17895101200446;50;0
STEP: 775.9727628480091;387.98638142400455;51;0
STEP: 773.5876236720093;386.79381183600464;52;0
STEP: 771.2024844960094;385.6012422480047;53;0
STEP: 768.8173453200096;384.4086726600048;54;0
STEP: 766.4322061440098;383.2161030720049;55;0
STEP: 764.04706696801;382.023533484005;56;0
STEP: 761.6619277920101;380.8309638960051;57;0
STEP: 759.2767886160103;379.63839430800516;58;0
STEP: 756.8916494400105;378.44582472000525;59;0
STEP: 754.5065102640107;377.25325513200534;60;0
STEP: 752.1213710880108;376.0606855440054;61;0
STEP: 749.736231912011;374.8681159560055;62;0
STEP: 747.3510927360112;373.6755463680056;63;0
STEP: 744.9659535600114;372.4829767800057;64;0
STEP: 742.5808143840115;371.2904071920058;65;0
STEP: 740.1956752080117;370.09783760400586;66;0
STEP: 737.8105360320119;368.90526801600595;67;0
STEP: 735.4253968560121;367.71269842800604;68;0
STEP: 733.0402576800122;366.5201288400061;69;0
STEP: 730.6551185040124;365.3275592520062;70;0
STEP: 728.2699793280126;364.1349896640063;71;0
STEP: 725.8848401520128;362.9424200760064;72;0
STEP: 723.499700976013;361.7498504880065;73;0
STEP: 721.1145618000131;360.55728090000656;74;0
STEP: 718.7294226240133;359.36471131200665;75;0
STEP: 716.3442834480135;358.17214172400674;76;0
STEP: 713.9591442720136;356.9795721360068;77;0
STEP: 711.5740050960138;355.7870025480069;78;0
STEP: 709.188865920014;354.594432960007;79;0
STEP: 706.8037267440142;353.4018633720071;80;0
STEP: 704.4185875680143;352.2092937840072;81;0
STEP: 702.0334483920145;351.01672419600726;82;0
STEP: 699.6483092160147;349.82415460800735;83;0
STEP: 697.2631700400149;348.63158502000744;84;0
STEP: 694.878030864015;347.4390154320075;85;0
STEP: 692.4928916880152;346.2464458440076;86;0
STEP: 690.1077525120154;345.0538762560077;87;0
STEP: 687.7226133360156;343.8613066680078;88;0
STEP: 685.3374741600157;342.6687370800079;89;0
STEP: 682.9523349840159;341.47616749200796;90;0
STEP: 680.5671958080161;340.28359790400805;91;0
STEP: 678.1820566320163;339.09102831600813;92;0
STEP: 675.7969174560164;337.8984587280082;93;0
STEP: 673.4117782800166;336.7058891400083;94;0
STEP: 671.0266391040168;335.5133195520084;95;0
STEP: 668.641499928017;334.3207499640085;96;0
STEP: 666.2563607520171;333.1281803760086;97;0
STEP: 663.8712215760173;331.93561078800866;98;0
STEP: 661.4860824000175;330.74304120000875;99;0
STEP: 659.1009432240177;329.55047161200883;100;0
STEP: 656.7158040480178;328.3579020240089;101;0
STEP: 654.330664872018;327.165332436009;102;0
STEP: 651.9455256960182;325.9727628480091;103;0
STEP: 649.5603865200184;324.7801932600092;104;0
STEP: 647.1752473440185;323.5876236720093;105;0
STEP: 644.7901081680187;322.39505408400936;106;0
STEP: 642.4049689920189;321.20248449600945;107;0
STEP: 640.0198298160191;320.00991490800953;108;0
STEP: 637.6346906400192;318.8173453200096;109;0
STEP: 635.2495514640194;317.6247757320097;110;0
STEP: 632.8644122880196;316.4322061440098;111;0
STEP: 630.4792731120198;315.2396365560099;112;0
STEP: 628.09413393602;314.04706696801;113;0
STEP: 625.7089947600201;312.85449738001006;114;0
STEP: 623.3238555840203;311.66192779201015;115;0
STEP: 620.9387164080205;310.46935820401023;116;0
STEP: 618.5535772320206;309.2767886160103;117;0
STEP: 616.1684380560208;308.0842190280104;118;0
STEP: 613.783298880021;306.8916494400105;119;0
STEP: 611.3981597040212;305.6990798520106;120;0
STEP: 609.0130205280213;304.50651026401067;121;0
STEP: 606.6278813520215;303.31394067601076;122;0
STEP: 604.2427421760217;302.12137108801085;123;0
STEP: 601.8576030000219;300.92880150001093;124;0
STEP: 599.472463824022;299.736231912011;125;0
STEP: 597.0873246480222;298.5436623240111;126;0
STEP: 594.7021854720224;297.3510927360112;127;0
STEP: 592.3170462960226;296.1585231480113;128;0
STEP: 589.9319071200227;294.96595356001137;129;0
STEP: 587.5467679440229;293.77338397201146;130;0
STEP: 585.1616287680231;292.58081438401155;131;0
STEP: 582.7764895920233;291.38824479601163;132;0
STEP: 580.3913504160234;290.1956752080117;133;0
STEP: 578.0062112400236;289.0031056200118;134;0
STEP: 575.6210720640238;287.8105360320119;135;0
STEP: 573.235932888024;286.617966444012;136;0
STEP: 570.8507937120241;285.42539685601207;137;0
STEP: 568.4656545360243;284.23282726801216;138;0
STEP: 566.0805153600245;283.04025768001225;139;0
STEP: 563.6953761840247;281.84768809201233;140;0
STEP: 561.3102370080248;280.6551185040124;141;0
STEP: 558.925097832025;279.4625489160125;142;0
STEP: 556.5399586560252;278.2699793280126;143;0
STEP: 554.1548194800254;277.0774097400127;144;0
STEP: 551.7696803040255;275.88484015201277;145;0
STEP: 549.3845411280257;274.69227056401286;146;0
STEP: 546.9994019520259;273.49970097601295;147;0
STEP: 544.6142627760261;272.30713138801303;148;0
STEP: 542.2291236000262;271.1145618000131;149;0
STEP: 539.8439844240264;269.9219922120132;150;0
STEP: 537.4588452480266;268.7294226240133;151;0
STEP: 535.0737060720268;267.5368530360134;152;0
STEP: 532.6885668960269;266.34428344801347;153;0
STEP: 530.3034277200271;265.15171386001356;154;0
STEP: 527.9182885440273;263.95914427201365;155;0
STEP: 525.5331493680275;262.76657468401373;156;0
STEP: 523.1480101920276;261.5740050960138;157;0
STEP: 520.7628710160278;260.3814355080139;158;0
STEP: 518.377731840028;259.188865920014;159;0
STEP: 515.9925926640282;257.9962963320141;160;0
STEP: 513.6074534880283;256.80372674401417;161;0
STEP: 511.2223143120286;255.6111571560143;162;0
STEP: 508.8371751360288;254.4185875680144;163;0
STEP: 506.45203596002904;253.22601798001452;164;0
STEP: 504.06689678402927;252.03344839201463;165;0
STEP: 501.6817576080295;250.84087880401475;166;0
NEW DIRECTION: Wroclaw;Olawa;167;160
STEP: 500.0;250.0;167;0
STEP: 501.8856180831641;251.88561808316413;168;0
STEP: 503.7712361663282;253.77123616632826;169;0
STEP: 505.6568542494923;255.6568542494924;170;0
STEP: 507.5424723326564;257.54247233265653;171;0
STEP: 509.4280904158205;259.42809041582063;172;0
STEP: 511.3137084989846;261.31370849898474;173;0
STEP: 513.1993265821487;263.19932658214884;174;0
STEP: 515.0849446653128;265.08494466531295;175;0
STEP: 516.9705627484769;266.97056274847705;176;0
STEP: 518.856180831641;268.85618083164115;177;0
STEP: 520.7417989148051;270.74179891480526;178;0
STEP: 522.6274169979692;272.62741699796936;179;0
STEP: 524.5130350811334;274.51303508113347;180;0
STEP: 526.3986531642975;276.39865316429757;181;0
STEP: 528.2842712474616;278.2842712474617;182;0
STEP: 530.1698893306257;280.1698893306258;183;0
STEP: 532.0555074137898;282.0555074137899;184;0
STEP: 533.9411254969539;283.941125496954;185;0
STEP: 535.826743580118;285.8267435801181;186;0
STEP: 537.7123616632821;287.7123616632822;187;0
STEP: 539.5979797464462;289.5979797464463;188;0
STEP: 541.4835978296103;291.4835978296104;189;0
STEP: 543.3692159127744;293.3692159127745;190;0
STEP: 545.2548339959385;295.2548339959386;191;0
STEP: 547.1404520791026;297.1404520791027;192;0
STEP: 549.0260701622667;299.0260701622668;193;0
STEP: 550.9116882454308;300.9116882454309;194;0
STEP: 552.7973063285949;302.797306328595;195;0
STEP: 554.682924411759;304.68292441175913;196;0
STEP: 556.5685424949231;306.56854249492324;197;0
STEP: 558.4541605780872;308.45416057808734;198;0
STEP: 560.3397786612513;310.33977866125144;199;0
STEP: 562.2253967444154;312.22539674441555;200;0
STEP: 564.1110148275795;314.11101482757965;201;0
STEP: 565.9966329107436;315.99663291074376;202;0
STEP: 567.8822509939077;317.88225099390786;203;0
STEP: 569.7678690770719;319.76786907707196;204;0
STEP: 571.653487160236;321.65348716023607;205;0
STEP: 573.5391052434001;323.5391052434002;206;0
STEP: 575.4247233265642;325.4247233265643;207;0
STEP: 577.3103414097283;327.3103414097284;208;0
STEP: 579.1959594928924;329.1959594928925;209;0
STEP: 581.0815775760565;331.0815775760566;210;0
STEP: 582.9671956592206;332.9671956592207;211;0
STEP: 584.8528137423847;334.8528137423848;212;0
STEP: 586.7384318255488;336.7384318255489;213;0
STEP: 588.6240499087129;338.624049908713;214;0
NEW DIRECTION: Olawa;Brzeg;215;160
STEP: 590.0;340.0;215;0
STEP: 592.341054861105;341.2769390151482;216;0
STEP: 594.68210972221;342.55387803029635;217;0
STEP: 597.0231645833151;343.8308170454445;218;0
STEP: 599.3642194444201;345.1077560605927;219;0
STEP: 601.7052743055251;346.38469507574086;220;0
STEP: 604.0463291666301;347.66163409088904;221;0
STEP: 606.3873840277352;348.9385731060372;222;0
STEP: 608.7284388888402;350.2155121211854;223;0
STEP: 611.0694937499452;351.49245113633356;224;0
STEP: 613.4105486110502;352.76939015148173;225;0
STEP: 615.7516034721552;354.0463291666299;226;0
STEP: 618.0926583332603;355.3232681817781;227;0
STEP: 620.4337131943653;356.60020719692625;228;0
STEP: 622.7747680554703;357.8771462120744;229;0
STEP: 625.1158229165753;359.1540852272226;230;0
STEP: 627.4568777776803;360.43102424237077;231;0
STEP: 629.7979326387854;361.70796325751894;232;0
STEP: 632.1389874998904;362.9849022726671;233;0
STEP: 634.4800423609954;364.2618412878153;234;0
STEP: 636.8210972221004;365.53878030296346;235;0
STEP: 639.1621520832055;366.81571931811163;236;0
STEP: 641.5032069443105;368.0926583332598;237;0
STEP: 643.8442618054155;369.369597348408;238;0
STEP: 646.1853166665205;370.64653636355615;239;0
STEP: 648.5263715276255;371.9234753787043;240;0
STEP: 650.8674263887306;373.2004143938525;241;0
STEP: 653.2084812498356;374.47735340900067;242;0
STEP: 655.5495361109406;375.75429242414884;243;0
STEP: 657.8905909720456;377.031231439297;244;0
STEP: 660.2316458331507;378.3081704544452;245;0
STEP: 662.5727006942557;379.58510946959336;246;0
STEP: 664.9137555553607;380.86204848474154;247;0
STEP: 667.2548104164657;382.1389874998897;248;0
STEP: 669.5958652775707;383.4159265150379;249;0
STEP: 671.9369201386758;384.69286553018605;250;0
STEP: 674.2779749997808;385.9698045453342;251;0
STEP: 676.6190298608858;387.2467435604824;252;0
STEP: 678.9600847219908;388.5236825756306;253;0
STEP: 681.3011395830958;389.80062159077875;254;0
STEP: 683.6421944442009;391.0775606059269;255;0
STEP: 685.9832493053059;392.3544996210751;256;0
STEP: 688.3243041664109;393.63143863622327;257;0
STEP: 690.6653590275159;394.90837765137144;258;0
STEP: 693.006413888621;396.1853166665196;259;0
STEP: 695.347468749726;397.4622556816678;260;0
STEP: 697.688523610831;398.73919469681596;261;0
NEW DIRECTION: Brzeg;Opole;262;160
STEP: 700.0;400.0;262;0
STEP: 702.5870466670542;400.64676166676355;263;0
STEP: 705.1740933341084;401.2935233335271;264;0
STEP: 707.7611400011626;401.94028500029066;265;0
STEP: 710.3481866682168;402.5870466670542;266;0
STEP: 712.935233335271;403.23380833381776;267;0
STEP: 715.5222800023253;403.8805700005813;268;0
STEP: 718.1093266693795;404.52733166734487;269;0
STEP: 720.6963733364337;405.1740933341084;270;0
STEP: 723.2834200034879;405.820855000872;271;0
STEP: 725.8704666705421;406.4676166676355;272;0
STEP: 728.4575133375963;407.1143783343991;273;0
STEP: 731.0445600046505;407.76114000116263;274;0
STEP: 733.6316066717047;408.4079016679262;275;0
STEP: 736.2186533387589;409.05466333468974;276;0
STEP: 738.8057000058132;409.7014250014533;277;0
STEP: 741.3927466728674;410.34818666821684;278;0
STEP: 743.9797933399216;410.9949483349804;279;0
STEP: 746.5668400069758;411.64171000174395;280;0
STEP: 749.15388667403;412.2884716685075;281;0
STEP: 751.7409333410842;412.93523333527105;282;0
STEP: 754.3279800081384;413.5819950020346;283;0
STEP: 756.9150266751926;414.22875666879816;284;0
STEP: 759.5020733422468;414.8755183355617;285;0
STEP: 762.089120009301;415.52228000232526;286;0
STEP: 764.6761666763553;416.1690416690888;287;0
STEP: 767.2632133434095;416.81580333585237;288;0
STEP: 769.8502600104637;417.4625650026159;289;0
STEP: 772.4373066775179;418.10932666937947;290;0
STEP: 775.0243533445721;418.756088336143;291;0
STEP: 777.6114000116263;419.4028500029066;292;0
STEP: 780.1984466786805;420.0496116696701;293;0
STEP: 782.7854933457347;420.6963733364337;294;0
STEP: 785.3725400127889;421.34313500319723;295;0
STEP: 787.9595866798431;421.9898966699608;296;0
STEP: 790.5466333468974;422.63665833672434;297;0
STEP: 793.1336800139516;423.2834200034879;298;0
STEP: 795.7207266810058;423.93018167025144;299;0
STEP: 798.30777334806;424.576943337015;300;0
STEP: 800.8948200151142;425.22370500377855;301;0
STEP: 803.4818666821684;425.8704666705421;302;0
STEP: 806.0689133492226;426.51722833730565;303;0
STEP: 808.6559600162768;427.1639900040692;304;0
STEP: 811.243006683331;427.81075167083276;305;0
STEP: 813.8300533503852;428.4575133375963;306;0
STEP: 816.4171000174395;429.10427500435986;307;0
STEP: 819.0041466844937;429.7510366711234;308;0
STEP: 821.5911933515479;430.39779833788697;309;0
STEP: 824.1782400186021;431.0445600046505;310;0
STEP: 826.7652866856563;431.6913216714141;311;0
STEP: 829.3523333527105;432.3380833381776;312;0
STEP: 831.9393800197647;432.9848450049412;313;0
STEP: 834.5264266868189;433.63160667170473;314;0
STEP: 837.1134733538731;434.2783683384683;315;0
STEP: 839.7005200209273;434.92513000523184;316;0
STEP: 842.2875666879816;435.5718916719954;317;0
STEP: 844.8746133550358;436.21865333875894;318;0
STEP: 847.46166002209;436.8654150055225;319;0
STEP: 850.0487066891442;437.51217667228605;320;0
STEP: 852.6357533561984;438.1589383390496;321;0
STEP: 855.2228000232526;438.80570000581315;322;0
STEP: 857.8098466903068;439.4524616725767;323;0
STEP: 860.396893357361;440.09922333934026;324;0
STEP: 862.9839400244152;440.7459850061038;325;0
STEP: 865.5709866914694;441.39274667286736;326;0
STEP: 868.1580333585237;442.0395083396309;327;0
STEP: 870.7450800255779;442.68627000639447;328;0
STEP: 873.3321266926321;443.333031673158;329;0
STEP: 875.9191733596863;443.97979333992157;330;0
STEP: 878.5062200267405;444.6265550066851;331;0
STEP: 881.0932666937947;445.2733166734487;332;0
STEP: 883.6803133608489;445.9200783402122;333;0
STEP: 886.2673600279031;446.5668400069758;334;0
STEP: 888.8544066949573;447.21360167373933;335;0
STEP: 891.4414533620115;447.8603633405029;336;0
STEP: 894.0285000290658;448.50712500726644;337;0
STEP: 896.61554669612;449.15388667403;338;0
STEP: 899.2025933631742;449.80064834079354;339;0
NEW DIRECTION: Opole;Olawa;340;160
STEP: 900.0;450.0;340;0
STEP: 897.4868593453833;449.10824041287793;341;0
STEP: 894.9737186907666;448.21648082575587;342;0
STEP: 892.46057803615;447.3247212386338;343;0
STEP: 889.9474373815333;446.43296165151173;344;0
STEP: 887.4342967269166;445.54120206438967;345;0
STEP: 884.9211560722999;444.6494424772676;346;0
STEP: 882.4080154176833;443.75768289014553;347;0
STEP: 879.8948747630666;442.86592330302346;348;0
STEP: 877.3817341084499;441.9741637159014;349;0
STEP: 874.8685934538332;441.08240412877933;350;0
STEP: 872.3554527992166;440.19064454165726;351;0
STEP: 869.8423121445999;439.2988849545352;352;0
STEP: 867.3291714899832;438.40712536741313;353;0
STEP: 864.8160308353665;437.51536578029106;354;0
STEP: 862.3028901807498;436.623606193169;355;0
STEP: 859.7897495261332;435.73184660604693;356;0
STEP: 857.2766088715165;434.84008701892486;357;0
STEP: 854.7634682168998;433.9483274318028;358;0
STEP: 852.2503275622831;433.0565678446807;359;0
STEP: 849.7371869076665;432.16480825755866;360;0
STEP: 847.2240462530498;431.2730486704366;361;0
STEP: 844.7109055984331;430.3812890833145;362;0
STEP: 842.1977649438164;429.48952949619246;363;0
STEP: 839.6846242891997;428.5977699090704;364;0
STEP: 837.1714836345831;427.7060103219483;365;0
STEP: 834.6583429799664;426.81425073482626;366;0
STEP: 832.1452023253497;425.9224911477042;367;0
STEP: 829.632061670733;425.0307315605821;368;0
STEP: 827.1189210161164;424.13897197346006;369;0
STEP: 824.6057803614997;423.247212386338;370;0
STEP: 822.092639706883;422.3554527992159;371;0
STEP: 819.5794990522663;421.46369321209386;372;0
STEP: 817.0663583976497;420.5719336249718;373;0
STEP: 814.553217743033;419.6801740378497;374;0
STEP: 812.0400770884163;418.78841445072766;375;0
STEP: 809.5269364337996;417.8966548636056;376;0
STEP: 807.0137957791829;417.0048952764835;377;0
STEP: 804.5006551245663;416.11313568936146;378;0
STEP: 801.9875144699496;415.2213761022394;379;0
STEP: 799.4743738153329;414.3296165151173;380;0
STEP: 796.9612331607162;413.43785692799526;381;0
STEP: 794.4480925060996;412.5460973408732;382;0
STEP: 791.9349518514829;411.6543377537511;383;0
STEP: 789.4218111968662;410.76257816662905;384;0
STEP: 786.9086705422495;409.870818579507;385;0
STEP: 784.3955298876328;408.9790589923849;386;0
STEP: 781.8823892330162;408.08729940526285;387;0
STEP: 779.3692485783995;407.1955398181408;388;0
STEP: 776.8561079237828;406.3037802310187;389;0
STEP: 774.3429672691661;405.41202064389665;390;0
STEP: 771.8298266145495;404.5202610567746;391;0
STEP: 769.3166859599328;403.6285014696525;392;0
STEP: 766.8035453053161;402.73674188253045;393;0
STEP: 764.2904046506994;401.8449822954084;394;0
STEP: 761.7772639960828;400.9532227082863;395;0
STEP: 759.2641233414661;400.06146312116425;396;0
STEP: 756.7509826868494;399.1697035340422;397;0
STEP: 754.2378420322327;398.2779439469201;398;0
STEP: 751.724701377616;397.38618435979805;399;0
STEP: 749.2115607229994;396.494424772676;400;0
STEP: 746.6984200683827;395.6026651855539;401;0
STEP: 744.185279413766;394.71090559843185;402;0
STEP: 741.6721387591493;393.8191460113098;403;0
STEP: 739.1589981045327;392.9273864241877;404;0
STEP: 736.645857449916;392.03562683706565;405;0
STEP: 734.1327167952993;391.1438672499436;406;0
STEP: 731.6195761406826;390.2521076628215;407;0
STEP: 729.106435486066;389.36034807569945;408;0
STEP: 726.5932948314493;388.4685884885774;409;0
STEP: 724.0801541768326;387.5768289014553;410;0
STEP: 721.5670135222159;386.68506931433325;411;0
STEP: 719.0538728675992;385.7933097272112;412;0
STEP: 716.5407322129826;384.9015501400891;413;0
STEP: 714.0275915583659;384.00979055296705;414;0
STEP: 711.5144509037492;383.118030965845;415;0
STEP: 709.0013102491325;382.2262713787229;416;0
STEP: 706.4881695945159;381.33451179160085;417;0
STEP: 703.9750289398992;380.4427522044788;418;0
STEP: 701.4618882852825;379.5509926173567;419;0
STEP: 698.9487476306658;378.65923303023465;420;0
STEP: 696.4356069760491;377.7674734431126;421;0
STEP: 693.9224663214325;376.8757138559905;422;0
STEP: 691.4093256668158;375.98395426886844;423;0
STEP: 688.8961850121991;375.0921946817464;424;0
STEP: 686.3830443575824;374.2004350946243;425;0
STEP: 683.8699037029658;373.30867550750224;426;0
STEP: 681.3567630483491;372.4169159203802;427;0
STEP: 678.8436223937324;371.5251563332581;428;0
STEP: 676.3304817391157;370.63339674613604;429;0
STEP: 673.817341084499;369.741637159014;430;0
STEP: 671.3042004298824;368.8498775718919;431;0
STEP: 668.7910597752657;367.95811798476984;432;0
STEP: 666.277919120649;367.0663583976478;433;0
STEP: 663.7647784660323;366.1745988105257;434;0
STEP: 661.2516378114157;365.28283922340364;435;0
STEP: 658.738497156799;364.3910796362816;436;0
STEP: 656.2253565021823;363.4993200491595;437;0
STEP: 653.7122158475656;362.60756046203744;438;0
STEP: 651.199075192949;361.7158008749154;439;0
STEP: 648.6859345383323;360.8240412877933;440;0
STEP: 646.1727938837156;359.93228170067124;441;0
STEP: 643.6596532290989;359.0405221135492;442;0
STEP: 641.1465125744822;358.1487625264271;443;0
STEP: 638.6333719198656;357.25700293930504;444;0
STEP: 636.1202312652489;356.365243352183;445;0
STEP: 633.6070906106322;355.4734837650609;446;0
STEP: 631.0939499560155;354.58172417793884;447;0
STEP: 628.5808093013989;353.68996459081677;448;0
STEP: 626.0676686467822;352.7982050036947;449;0
STEP: 623.5545279921655;351.90644541657264;450;0
STEP: 621.0413873375488;351.01468582945057;451;0
STEP: 618.5282466829321;350.1229262423285;452;0
STEP: 616.0151060283155;349.23116665520644;453;0
STEP: 613.5019653736988;348.33940706808437;454;0
STEP: 610.9888247190821;347.4476474809623;455;0
STEP: 608.4756840644654;346.55588789384024;456;0
STEP: 605.9625434098488;345.66412830671817;457;0
STEP: 603.4494027552321;344.7723687195961;458;0
STEP: 600.9362621006154;343.88060913247404;459;0
STEP: 598.4231214459987;342.98884954535197;460;0
STEP: 595.909980791382;342.0970899582299;461;0
STEP: 593.3968401367654;341.20533037110783;462;0
STEP: 590.8836994821487;340.31357078398577;463;0
NEW DIRECTION: Olawa;Wroclaw;464;160
STEP: 590.0;340.0;464;0
STEP: 588.1143819168359;338.1143819168359;465;0
STEP: 586.2287638336718;336.2287638336718;466;0
STEP: 584.3431457505077;334.3431457505077;467;0
STEP: 582.4575276673436;332.4575276673436;468;0
STEP: 580.5719095841795;330.5719095841795;469;0
STEP: 578.6862915010154;328.6862915010154;470;0
STEP: 576.8006734178513;326.80067341785127;471;0
STEP: 574.9150553346872;324.91505533468717;472;0
STEP: 573.0294372515231;323.02943725152306;473;0
STEP: 571.143819168359;321.14381916835896;474;0
STEP: 569.2582010851949;319.25820108519486;475;0
STEP: 567.3725830020308;317.37258300203075;476;0
STEP: 565.4869649188666;315.48696491886665;477;0
STEP: 563.6013468357025;313.60134683570254;478;0
STEP: 561.7157287525384;311.71572875253844;479;0
STEP: 559.8301106693743;309.83011066937433;480;0
STEP: 557.9444925862102;307.94449258621023;481;0
STEP: 556.0588745030461;306.0588745030461;482;0
STEP: 554.173256419882;304.173256419882;483;0
STEP: 552.2876383367179;302.2876383367179;484;0
STEP: 550.4020202535538;300.4020202535538;485;0
STEP: 548.5164021703897;298.5164021703897;486;0
STEP: 546.6307840872256;296.6307840872256;487;0
STEP: 544.7451660040615;294.7451660040615;488;0
STEP: 542.8595479208974;292.8595479208974;489;0
STEP: 540.9739298377333;290.9739298377333;490;0
STEP: 539.0883117545692;289.0883117545692;491;0
STEP: 537.2026936714051;287.2026936714051;492;0
STEP: 535.317075588241;285.317075588241;493;0
STEP: 533.4314575050769;283.4314575050769;494;0
STEP: 531.5458394219128;281.5458394219128;495;0
STEP: 529.6602213387487;279.66022133874867;496;0
STEP: 527.7746032555846;277.77460325558457;497;0
STEP: 525.8889851724205;275.88898517242046;498;0
STEP: 524.0033670892564;274.00336708925636;499;0
STEP: 522.1177490060923;272.11774900609225;500;0
STEP: 520.2321309229281;270.23213092292815;501;0
STEP: 518.346512839764;268.34651283976405;502;0
STEP: 516.4608947565999;266.46089475659994;503;0
STEP: 514.5752766734358;264.57527667343584;504;0
STEP: 512.6896585902717;262.68965859027173;505;0
STEP: 510.80404050710763;260.80404050710763;506;0
STEP: 508.9184224239435;258.9184224239435;507;0
STEP: 507.0328043407794;257.0328043407794;508;0
STEP: 505.1471862576153;255.1471862576153;509;0
STEP: 503.2615681744512;253.26156817445116;510;0
STEP: 501.3759500912871;251.37595009128702;511;0
(!) END OF ROUTE: 53;512;459;Wroclaw
