START: Jaworzyna Slaska;Swidnica;7;80;29;-1
STEP: 270.5415179547379;301.21841539816035;0;0
STEP: 271.0830359094758;302.4368307963207;1;0
STEP: 271.62455386421374;303.65524619448104;2;0
STEP: 272.16607181895165;304.8736615926414;3;0
STEP: 272.70758977368956;306.09207699080173;4;0
STEP: 273.2491077284275;307.3104923889621;5;0
STEP: 273.7906256831654;308.5289077871224;6;0
STEP: 274.3321436379033;309.74732318528277;7;0
STEP: 274.8736615926412;310.9657385834431;8;0
STEP: 275.4151795473791;312.18415398160346;9;0
STEP: 275.95669750211704;313.4025693797638;10;0
STEP: 276.49821545685495;314.62098477792415;11;0
STEP: 277.03973341159286;315.8394001760845;12;0
STEP: 277.5812513663308;317.05781557424484;13;0
STEP: 278.1227693210687;318.2762309724052;14;0
STEP: 278.6642872758066;319.49464637056553;15;0
STEP: 279.2058052305445;320.7130617687259;16;0
STEP: 279.7473231852824;321.9314771668862;17;0
STEP: 280.28884114002034;323.14989256504657;18;0
STEP: 280.83035909475825;324.3683079632069;19;0
STEP: 281.37187704949616;325.58672336136726;20;0
STEP: 281.9133950042341;326.8051387595276;21;0
STEP: 282.454912958972;328.02355415768795;22;0
STEP: 282.9964309137099;329.2419695558483;23;0
STEP: 283.5379488684478;330.46038495400865;24;0
STEP: 284.0794668231857;331.678800352169;25;0
STEP: 284.62098477792364;332.89721575032934;26;0
STEP: 285.16250273266155;334.1156311484897;27;0
STEP: 285.70402068739946;335.33404654665003;28;0
STEP: 286.2455386421374;336.5524619448104;29;0
STEP: 286.7870565968753;337.7708773429707;30;0
STEP: 287.3285745516132;338.98929274113107;31;0
STEP: 287.8700925063511;340.2077081392914;32;0
STEP: 288.411610461089;341.42612353745176;33;0
STEP: 288.95312841582694;342.6445389356121;34;0
STEP: 289.49464637056485;343.86295433377245;35;0
STEP: 290.03616432530276;345.0813697319328;36;0
STEP: 290.5776822800407;346.29978513009314;37;0
STEP: 291.1192002347786;347.5182005282535;38;0
STEP: 291.6607181895165;348.73661592641383;39;0
STEP: 292.2022361442544;349.9550313245742;40;0
STEP: 292.7437540989923;351.1734467227345;41;0
STEP: 293.28527205373024;352.39186212089487;42;0
STEP: 293.82679000846815;353.6102775190552;43;0
STEP: 294.36830796320606;354.82869291721556;44;0
STEP: 294.909825917944;356.0471083153759;45;0
STEP: 295.4513438726819;357.26552371353625;46;0
STEP: 295.9928618274198;358.4839391116966;47;0
STEP: 296.5343797821577;359.70235450985695;48;0
STEP: 297.0758977368956;360.9207699080173;49;0
STEP: 297.61741569163354;362.13918530617764;50;0
STEP: 298.15893364637145;363.357600704338;51;0
STEP: 298.70045160110936;364.57601610249833;52;0
STEP: 299.2419695558473;365.7944315006587;53;0
STEP: 299.7834875105852;367.012846898819;54;0
STEP: 300.3250054653231;368.23126229697937;55;0
STEP: 300.866523420061;369.4496776951397;56;0
STEP: 301.4080413747989;370.66809309330006;57;0
STEP: 301.94955932953684;371.8865084914604;58;0
STEP: 302.49107728427475;373.10492388962075;59;0
STEP: 303.03259523901266;374.3233392877811;60;0
STEP: 303.5741131937506;375.54175468594144;61;0
STEP: 304.1156311484885;376.7601700841018;62;0
STEP: 304.6571491032264;377.97858548226213;63;0
STEP: 305.1986670579643;379.1970008804225;64;0
STEP: 305.7401850127022;380.4154162785828;65;0
STEP: 306.28170296744014;381.63383167674317;66;0
STEP: 306.82322092217805;382.8522470749035;67;0
STEP: 307.36473887691596;384.07066247306386;68;0
STEP: 307.9062568316539;385.2890778712242;69;0
STEP: 308.4477747863918;386.50749326938455;70;0
STEP: 308.9892927411297;387.7259086675449;71;0
STEP: 309.5308106958676;388.94432406570525;72;0
NEW DIRECTION: Swidnica;Jaworzyna Slaska;73;80
STEP: 310.0;390.0;73;0
STEP: 309.4584820452621;388.78158460183965;74;0
STEP: 308.9169640905242;387.5631692036793;75;0
STEP: 308.37544613578626;386.34475380551896;76;0
STEP: 307.83392818104835;385.1263384073586;77;0
STEP: 307.29241022631044;383.90792300919827;78;0
STEP: 306.7508922715725;382.6895076110379;79;0
STEP: 306.2093743168346;381.4710922128776;80;0
STEP: 305.6678563620967;380.25267681471723;81;0
STEP: 305.1263384073588;379.0342614165569;82;0
STEP: 304.5848204526209;377.81584601839654;83;0
STEP: 304.04330249788296;376.5974306202362;84;0
STEP: 303.50178454314505;375.37901522207585;85;0
STEP: 302.96026658840714;374.1605998239155;86;0
STEP: 302.4187486336692;372.94218442575516;87;0
STEP: 301.8772306789313;371.7237690275948;88;0
STEP: 301.3357127241934;370.50535362943447;89;0
STEP: 300.7941947694555;369.2869382312741;90;0
STEP: 300.2526768147176;368.0685228331138;91;0
STEP: 299.71115885997966;366.85010743495343;92;0
STEP: 299.16964090524175;365.6316920367931;93;0
STEP: 298.62812295050384;364.41327663863274;94;0
STEP: 298.0866049957659;363.1948612404724;95;0
STEP: 297.545087041028;361.97644584231205;96;0
STEP: 297.0035690862901;360.7580304441517;97;0
STEP: 296.4620511315522;359.53961504599135;98;0
STEP: 295.9205331768143;358.321199647831;99;0
STEP: 295.37901522207636;357.10278424967066;100;0
STEP: 294.83749726733845;355.8843688515103;101;0
STEP: 294.29597931260054;354.66595345334997;102;0
STEP: 293.7544613578626;353.4475380551896;103;0
STEP: 293.2129434031247;352.2291226570293;104;0
STEP: 292.6714254483868;351.01070725886893;105;0
STEP: 292.1299074936489;349.7922918607086;106;0
STEP: 291.588389538911;348.57387646254824;107;0
STEP: 291.04687158417306;347.3554610643879;108;0
STEP: 290.50535362943515;346.13704566622755;109;0
STEP: 289.96383567469724;344.9186302680672;110;0
STEP: 289.4223177199593;343.70021486990686;111;0
STEP: 288.8807997652214;342.4817994717465;112;0
STEP: 288.3392818104835;341.26338407358617;113;0
STEP: 287.7977638557456;340.0449686754258;114;0
STEP: 287.2562459010077;338.8265532772655;115;0
STEP: 286.71472794626976;337.60813787910513;116;0
STEP: 286.17320999153185;336.3897224809448;117;0
STEP: 285.63169203679394;335.17130708278444;118;0
STEP: 285.090174082056;333.9528916846241;119;0
STEP: 284.5486561273181;332.73447628646375;120;0
STEP: 284.0071381725802;331.5160608883034;121;0
STEP: 283.4656202178423;330.29764549014305;122;0
STEP: 282.9241022631044;329.0792300919827;123;0
STEP: 282.38258430836646;327.86081469382236;124;0
STEP: 281.84106635362855;326.642399295662;125;0
STEP: 281.29954839889064;325.42398389750167;126;0
STEP: 280.7580304441527;324.2055684993413;127;0
STEP: 280.2165124894148;322.987153101181;128;0
STEP: 279.6749945346769;321.76873770302063;129;0
STEP: 279.133476579939;320.5503223048603;130;0
STEP: 278.5919586252011;319.33190690669994;131;0
STEP: 278.05044067046316;318.1134915085396;132;0
STEP: 277.50892271572525;316.89507611037925;133;0
STEP: 276.96740476098734;315.6766607122189;134;0
STEP: 276.4258868062494;314.45824531405856;135;0
STEP: 275.8843688515115;313.2398299158982;136;0
STEP: 275.3428508967736;312.02141451773787;137;0
STEP: 274.8013329420357;310.8029991195775;138;0
STEP: 274.2598149872978;309.5845837214172;139;0
STEP: 273.71829703255986;308.36616832325683;140;0
STEP: 273.17677907782195;307.1477529250965;141;0
STEP: 272.63526112308404;305.92933752693614;142;0
STEP: 272.0937431683461;304.7109221287758;143;0
STEP: 271.5522252136082;303.49250673061545;144;0
STEP: 271.0107072588703;302.2740913324551;145;0
STEP: 270.4691893041324;301.05567593429475;146;0
NEW DIRECTION: Jaworzyna Slaska;Swidnica;147;80
STEP: 270.0;300.0;147;0
STEP: 270.5415179547379;301.21841539816035;148;0
STEP: 271.0830359094758;302.4368307963207;149;0
STEP: 271.62455386421374;303.65524619448104;150;0
STEP: 272.16607181895165;304.8736615926414;151;0
STEP: 272.70758977368956;306.09207699080173;152;0
STEP: 273.2491077284275;307.3104923889621;153;0
STEP: 273.7906256831654;308.5289077871224;154;0
STEP: 274.3321436379033;309.74732318528277;155;0
STEP: 274.8736615926412;310.9657385834431;156;0
STEP: 275.4151795473791;312.18415398160346;157;0
STEP: 275.95669750211704;313.4025693797638;158;0
STEP: 276.49821545685495;314.62098477792415;159;0
STEP: 277.03973341159286;315.8394001760845;160;0
STEP: 277.5812513663308;317.05781557424484;161;0
STEP: 278.1227693210687;318.2762309724052;162;0
STEP: 278.6642872758066;319.49464637056553;163;0
STEP: 279.2058052305445;320.7130617687259;164;0
STEP: 279.7473231852824;321.9314771668862;165;0
STEP: 280.28884114002034;323.14989256504657;166;0
STEP: 280.83035909475825;324.3683079632069;167;0
STEP: 281.37187704949616;325.58672336136726;168;0
STEP: 281.9133950042341;326.8051387595276;169;0
STEP: 282.454912958972;328.02355415768795;170;0
STEP: 282.9964309137099;329.2419695558483;171;0
STEP: 283.5379488684478;330.46038495400865;172;0
STEP: 284.0794668231857;331.678800352169;173;0
STEP: 284.62098477792364;332.89721575032934;174;0
STEP: 285.16250273266155;334.1156311484897;175;0
STEP: 285.70402068739946;335.33404654665003;176;0
STEP: 286.2455386421374;336.5524619448104;177;0
STEP: 286.7870565968753;337.7708773429707;178;0
STEP: 287.3285745516132;338.98929274113107;179;0
STEP: 287.8700925063511;340.2077081392914;180;0
STEP: 288.411610461089;341.42612353745176;181;0
STEP: 288.95312841582694;342.6445389356121;182;0
STEP: 289.49464637056485;343.86295433377245;183;0
STEP: 290.03616432530276;345.0813697319328;184;0
STEP: 290.5776822800407;346.29978513009314;185;0
STEP: 291.1192002347786;347.5182005282535;186;0
STEP: 291.6607181895165;348.73661592641383;187;0
STEP: 292.2022361442544;349.9550313245742;188;0
STEP: 292.7437540989923;351.1734467227345;189;0
STEP: 293.28527205373024;352.39186212089487;190;0
STEP: 293.82679000846815;353.6102775190552;191;0
STEP: 294.36830796320606;354.82869291721556;192;0
STEP: 294.909825917944;356.0471083153759;193;0
STEP: 295.4513438726819;357.26552371353625;194;0
STEP: 295.9928618274198;358.4839391116966;195;0
STEP: 296.5343797821577;359.70235450985695;196;0
STEP: 297.0758977368956;360.9207699080173;197;0
STEP: 297.61741569163354;362.13918530617764;198;0
STEP: 298.15893364637145;363.357600704338;199;0
STEP: 298.70045160110936;364.57601610249833;200;0
STEP: 299.2419695558473;365.7944315006587;201;0
STEP: 299.7834875105852;367.012846898819;202;0
STEP: 300.3250054653231;368.23126229697937;203;0
STEP: 300.866523420061;369.4496776951397;204;0
STEP: 301.4080413747989;370.66809309330006;205;0
STEP: 301.94955932953684;371.8865084914604;206;0
STEP: 302.49107728427475;373.10492388962075;207;0
STEP: 303.03259523901266;374.3233392877811;208;0
STEP: 303.5741131937506;375.54175468594144;209;0
STEP: 304.1156311484885;376.7601700841018;210;0
STEP: 304.6571491032264;377.97858548226213;211;0
STEP: 305.1986670579643;379.1970008804225;212;0
STEP: 305.7401850127022;380.4154162785828;213;0
STEP: 306.28170296744014;381.63383167674317;214;0
STEP: 306.82322092217805;382.8522470749035;215;0
STEP: 307.36473887691596;384.07066247306386;216;0
STEP: 307.9062568316539;385.2890778712242;217;0
STEP: 308.4477747863918;386.50749326938455;218;0
STEP: 308.9892927411297;387.7259086675449;219;0
STEP: 309.5308106958676;388.94432406570525;220;0
NEW DIRECTION: Swidnica;Dzierzoniow Slaski;221;80
STEP: 310.0;390.0;221;0
STEP: 310.42163702135576;391.26491106406735;222;0
STEP: 310.8432740427115;392.5298221281347;223;0
STEP: 311.2649110640673;393.79473319220205;224;0
STEP: 311.68654808542306;395.0596442562694;225;0
STEP: 312.1081851067788;396.32455532033674;226;0
STEP: 312.5298221281346;397.5894663844041;227;0
STEP: 312.95145914949035;398.85437744847144;228;0
STEP: 313.3730961708461;400.1192885125388;229;0
STEP: 313.7947331922019;401.38419957660614;230;0
STEP: 314.21637021355764;402.6491106406735;231;0
STEP: 314.6380072349134;403.91402170474083;232;0
STEP: 315.05964425626917;405.1789327688082;233;0
STEP: 315.48128127762493;406.44384383287553;234;0
STEP: 315.9029182989807;407.7087548969429;235;0
STEP: 316.32455532033646;408.9736659610102;236;0
STEP: 316.7461923416922;410.2385770250776;237;0
STEP: 317.167829363048;411.5034880891449;238;0
STEP: 317.58946638440375;412.7683991532123;239;0
STEP: 318.0111034057595;414.0333102172796;240;0
STEP: 318.4327404271153;415.29822128134697;241;0
STEP: 318.85437744847104;416.5631323454143;242;0
STEP: 319.2760144698268;417.82804340948167;243;0
STEP: 319.69765149118257;419.092954473549;244;0
STEP: 320.11928851253833;420.35786553761636;245;0
STEP: 320.5409255338941;421.6227766016837;246;0
STEP: 320.96256255524986;422.88768766575106;247;0
STEP: 321.3841995766056;424.1525987298184;248;0
STEP: 321.8058365979614;425.41750979388576;249;0
STEP: 322.22747361931715;426.6824208579531;250;0
STEP: 322.6491106406729;427.94733192202045;251;0
STEP: 323.0707476620287;429.2122429860878;252;0
STEP: 323.49238468338444;430.47715405015515;253;0
STEP: 323.9140217047402;431.7420651142225;254;0
STEP: 324.33565872609597;433.00697617828985;255;0
STEP: 324.75729574745174;434.2718872423572;256;0
STEP: 325.1789327688075;435.53679830642454;257;0
STEP: 325.60056979016326;436.8017093704919;258;0
STEP: 326.022206811519;438.06662043455924;259;0
STEP: 326.4438438328748;439.3315314986266;260;0
STEP: 326.86548085423055;440.59644256269394;261;0
STEP: 327.2871178755863;441.8613536267613;262;0
STEP: 327.7087548969421;443.12626469082863;263;0
STEP: 328.13039191829785;444.391175754896;264;0
STEP: 328.5520289396536;445.65608681896333;265;0
STEP: 328.9736659610094;446.9209978830307;266;0
STEP: 329.39530298236514;448.185908947098;267;0
STEP: 329.8169400037209;449.4508200111654;268;0
(!) END OF ROUTE: 29;269;240;Dzierzoniow Slaski
