START: Wroclaw;Kobierzyce;4;120;42;-1
STEP: 499.1055728090001;251.78885438199984;0;0
STEP: 498.21114561800016;253.57770876399968;1;0
STEP: 497.31671842700024;255.36656314599952;2;0
STEP: 496.4222912360003;257.15541752799936;3;0
STEP: 495.5278640450004;258.9442719099992;4;0
STEP: 494.6334368540005;260.73312629199904;5;0
STEP: 493.73900966300056;262.5219806739989;6;0
STEP: 492.84458247200064;264.3108350559987;7;0
STEP: 491.9501552810007;266.09968943799856;8;0
STEP: 491.0557280900008;267.8885438199984;9;0
STEP: 490.1613008990009;269.67739820199824;10;0
STEP: 489.26687370800096;271.4662525839981;11;0
STEP: 488.37244651700104;273.2551069659979;12;0
STEP: 487.4780193260011;275.04396134799777;13;0
STEP: 486.5835921350012;276.8328157299976;14;0
STEP: 485.6891649440013;278.62167011199745;15;0
STEP: 484.79473775300136;280.4105244939973;16;0
STEP: 483.90031056200144;282.1993788759971;17;0
STEP: 483.0058833710015;283.98823325799697;18;0
STEP: 482.1114561800016;285.7770876399968;19;0
STEP: 481.2170289890017;287.56594202199665;20;0
STEP: 480.32260179800176;289.3547964039965;21;0
STEP: 479.42817460700184;291.14365078599633;22;0
STEP: 478.5337474160019;292.93250516799617;23;0
STEP: 477.639320225002;294.721359549996;24;0
STEP: 476.7448930340021;296.51021393199585;25;0
STEP: 475.85046584300215;298.2990683139957;26;0
STEP: 474.95603865200223;300.08792269599553;27;0
STEP: 474.0616114610023;301.87677707799537;28;0
STEP: 473.1671842700024;303.6656314599952;29;0
STEP: 472.2727570790025;305.45448584199505;30;0
STEP: 471.37832988800255;307.2433402239949;31;0
STEP: 470.48390269700263;309.03219460599473;32;0
STEP: 469.5894755060027;310.8210489879946;33;0
STEP: 468.6950483150028;312.6099033699944;34;0
STEP: 467.8006211240029;314.39875775199425;35;0
STEP: 466.90619393300295;316.1876121339941;36;0
STEP: 466.01176674200303;317.97646651599393;37;0
STEP: 465.1173395510031;319.7653208979938;38;0
STEP: 464.2229123600032;321.5541752799936;39;0
STEP: 463.3284851690033;323.34302966199346;40;0
STEP: 462.43405797800335;325.1318840439933;41;0
STEP: 461.53963078700343;326.92073842599314;42;0
STEP: 460.6452035960035;328.709592807993;43;0
NEW DIRECTION: Kobierzyce;Sobotka;44;100
STEP: 460.0;330.0;44;0
STEP: 458.3435271088773;330.18405254345805;45;0
STEP: 456.6870542177546;330.3681050869161;46;0
STEP: 455.03058132663193;330.55215763037415;47;0
STEP: 453.37410843550924;330.7362101738322;48;0
STEP: 451.71763554438655;330.92026271729026;49;0
STEP: 450.06116265326386;331.1043152607483;50;0
STEP: 448.4046897621412;331.28836780420636;51;0
STEP: 446.7482168710185;331.4724203476644;52;0
STEP: 445.0917439798958;331.65647289112246;53;0
STEP: 443.4352710887731;331.8405254345805;54;0
STEP: 441.7787981976504;332.02457797803856;55;0
STEP: 440.1223253065277;332.2086305214966;56;0
STEP: 438.46585241540504;332.39268306495467;57;0
STEP: 436.80937952428235;332.5767356084127;58;0
STEP: 435.15290663315966;332.76078815187077;59;0
STEP: 433.49643374203697;332.9448406953288;60;0
STEP: 431.8399608509143;333.1288932387869;61;0
STEP: 430.1834879597916;333.3129457822449;62;0
STEP: 428.5270150686689;333.496998325703;63;0
STEP: 426.8705421775462;333.681050869161;64;0
STEP: 425.2140692864235;333.8651034126191;65;0
STEP: 423.55759639530083;334.04915595607713;66;0
STEP: 421.90112350417814;334.2332084995352;67;0
STEP: 420.24465061305546;334.41726104299323;68;0
STEP: 418.58817772193277;334.6013135864513;69;0
STEP: 416.9317048308101;334.78536612990933;70;0
STEP: 415.2752319396874;334.9694186733674;71;0
STEP: 413.6187590485647;335.15347121682544;72;0
STEP: 411.962286157442;335.3375237602835;73;0
STEP: 410.3058132663193;335.52157630374154;74;0
STEP: 408.64934037519663;335.7056288471996;75;0
STEP: 406.99286748407394;335.88968139065764;76;0
STEP: 405.33639459295125;336.0737339341157;77;0
STEP: 403.67992170182856;336.25778647757375;78;0
STEP: 402.0234488107059;336.4418390210318;79;0
STEP: 400.3669759195832;336.62589156448985;80;0
STEP: 398.7105030284605;336.8099441079479;81;0
STEP: 397.0540301373378;336.99399665140595;82;0
STEP: 395.3975572462151;337.178049194864;83;0
STEP: 393.7410843550924;337.36210173832205;84;0
STEP: 392.08461146396974;337.5461542817801;85;0
STEP: 390.42813857284705;337.73020682523816;86;0
STEP: 388.77166568172436;337.9142593686962;87;0
STEP: 387.11519279060167;338.09831191215426;88;0
STEP: 385.458719899479;338.2823644556123;89;0
STEP: 383.8022470083563;338.46641699907036;90;0
STEP: 382.1457741172336;338.6504695425284;91;0
STEP: 380.4893012261109;338.83452208598646;92;0
STEP: 378.8328283349882;339.0185746294445;93;0
STEP: 377.17635544386553;339.20262717290257;94;0
STEP: 375.51988255274284;339.3866797163606;95;0
STEP: 373.86340966162015;339.57073225981867;96;0
STEP: 372.20693677049746;339.7547848032767;97;0
STEP: 370.5504638793748;339.9388373467348;98;0
NEW DIRECTION: Sobotka;Swidnica;99;100
STEP: 370.0;340.0;99;0
STEP: 368.719631200671;341.0669739994408;100;0
STEP: 367.43926240134203;342.1339479988816;101;0
STEP: 366.15889360201305;343.20092199832237;102;0
STEP: 364.87852480268407;344.26789599776316;103;0
STEP: 363.5981560033551;345.33486999720395;104;0
STEP: 362.3177872040261;346.40184399664474;105;0
STEP: 361.0374184046971;347.46881799608553;106;0
STEP: 359.75704960536814;348.5357919955263;107;0
STEP: 358.47668080603916;349.6027659949671;108;0
STEP: 357.1963120067102;350.6697399944079;109;0
STEP: 355.9159432073812;351.7367139938487;110;0
STEP: 354.6355744080522;352.8036879932895;111;0
STEP: 353.3552056087232;353.8706619927303;112;0
STEP: 352.07483680939424;354.93763599217107;113;0
STEP: 350.79446801006526;356.00460999161186;114;0
STEP: 349.5140992107363;357.07158399105265;115;0
STEP: 348.2337304114073;358.13855799049344;116;0
STEP: 346.9533616120783;359.20553198993423;117;0
STEP: 345.6729928127493;360.272505989375;118;0
STEP: 344.39262401342035;361.3394799888158;119;0
STEP: 343.11225521409136;362.4064539882566;120;0
STEP: 341.8318864147624;363.4734279876974;121;0
STEP: 340.5515176154334;364.5404019871382;122;0
STEP: 339.2711488161044;365.607375986579;123;0
STEP: 337.99078001677543;366.67434998601976;124;0
STEP: 336.71041121744645;367.74132398546055;125;0
STEP: 335.43004241811747;368.80829798490134;126;0
STEP: 334.1496736187885;369.87527198434213;127;0
STEP: 332.8693048194595;370.9422459837829;128;0
STEP: 331.5889360201305;372.0092199832237;129;0
STEP: 330.30856722080154;373.0761939826645;130;0
STEP: 329.02819842147255;374.1431679821053;131;0
STEP: 327.74782962214357;375.2101419815461;132;0
STEP: 326.4674608228146;376.2771159809869;133;0
STEP: 325.1870920234856;377.34408998042767;134;0
STEP: 323.9067232241566;378.41106397986846;135;0
STEP: 322.62635442482764;379.47803797930925;136;0
STEP: 321.34598562549866;380.54501197875004;137;0
STEP: 320.0656168261697;381.61198597819083;138;0
STEP: 318.7852480268407;382.6789599776316;139;0
STEP: 317.5048792275117;383.7459339770724;140;0
STEP: 316.2245104281827;384.8129079765132;141;0
STEP: 314.94414162885374;385.879881975954;142;0
STEP: 313.66377282952476;386.9468559753948;143;0
STEP: 312.3834040301958;388.0138299748356;144;0
STEP: 311.1030352308668;389.08080397427636;145;0
NEW DIRECTION: Swidnica;Dzierzoniow Slaski;146;80
STEP: 310.0;390.0;146;0
STEP: 310.42163702135576;391.26491106406735;147;0
STEP: 310.8432740427115;392.5298221281347;148;0
STEP: 311.2649110640673;393.79473319220205;149;0
STEP: 311.68654808542306;395.0596442562694;150;0
STEP: 312.1081851067788;396.32455532033674;151;0
STEP: 312.5298221281346;397.5894663844041;152;0
STEP: 312.95145914949035;398.85437744847144;153;0
STEP: 313.3730961708461;400.1192885125388;154;0
STEP: 313.7947331922019;401.38419957660614;155;0
STEP: 314.21637021355764;402.6491106406735;156;0
STEP: 314.6380072349134;403.91402170474083;157;0
STEP: 315.05964425626917;405.1789327688082;158;0
STEP: 315.48128127762493;406.44384383287553;159;0
STEP: 315.9029182989807;407.7087548969429;160;0
STEP: 316.32455532033646;408.9736659610102;161;0
STEP: 316.7461923416922;410.2385770250776;162;0
STEP: 317.167829363048;411.5034880891449;163;0
STEP: 317.58946638440375;412.7683991532123;164;0
STEP: 318.0111034057595;414.0333102172796;165;0
STEP: 318.4327404271153;415.29822128134697;166;0
STEP: 318.85437744847104;416.5631323454143;167;0
STEP: 319.2760144698268;417.82804340948167;168;0
STEP: 319.69765149118257;419.092954473549;169;0
STEP: 320.11928851253833;420.35786553761636;170;0
STEP: 320.5409255338941;421.6227766016837;171;0
STEP: 320.96256255524986;422.88768766575106;172;0
STEP: 321.3841995766056;424.1525987298184;173;0
STEP: 321.8058365979614;425.41750979388576;174;0
STEP: 322.22747361931715;426.6824208579531;175;0
STEP: 322.6491106406729;427.94733192202045;176;0
STEP: 323.0707476620287;429.2122429860878;177;0
STEP: 323.49238468338444;430.47715405015515;178;0
STEP: 323.9140217047402;431.7420651142225;179;0
STEP: 324.33565872609597;433.00697617828985;180;0
STEP: 324.75729574745174;434.2718872423572;181;0
STEP: 325.1789327688075;435.53679830642454;182;0
STEP: 325.60056979016326;436.8017093704919;183;0
STEP: 326.022206811519;438.06662043455924;184;0
STEP: 326.4438438328748;439.3315314986266;185;0
STEP: 326.86548085423055;440.59644256269394;186;0
STEP: 327.2871178755863;441.8613536267613;187;0
STEP: 327.7087548969421;443.12626469082863;188;0
STEP: 328.13039191829785;444.391175754896;189;0
STEP: 328.5520289396536;445.65608681896333;190;0
STEP: 328.9736659610094;446.9209978830307;191;0
STEP: 329.39530298236514;448.185908947098;192;0
STEP: 329.8169400037209;449.4508200111654;193;0
NEW DIRECTION: Dzierzoniow Slaski;Swidnica;194;80
STEP: 330.0;450.0;194;0
STEP: 329.57836297864424;448.73508893593265;195;0
STEP: 329.1567259572885;447.4701778718653;196;0
STEP: 328.7350889359327;446.20526680779795;197;0
STEP: 328.31345191457694;444.9403557437306;198;0
STEP: 327.8918148932212;443.67544467966326;199;0
STEP: 327.4701778718654;442.4105336155959;200;0
STEP: 327.04854085050965;441.14562255152856;201;0
STEP: 326.6269038291539;439.8807114874612;202;0
STEP: 326.2052668077981;438.61580042339386;203;0
STEP: 325.78362978644236;437.3508893593265;204;0
STEP: 325.3619927650866;436.08597829525917;205;0
STEP: 324.94035574373083;434.8210672311918;206;0
STEP: 324.51871872237507;433.55615616712447;207;0
STEP: 324.0970817010193;432.2912451030571;208;0
STEP: 323.67544467966354;431.0263340389898;209;0
STEP: 323.2538076583078;429.7614229749224;210;0
STEP: 322.832170636952;428.4965119108551;211;0
STEP: 322.41053361559625;427.2316008467877;212;0
STEP: 321.9888965942405;425.9666897827204;213;0
STEP: 321.5672595728847;424.70177871865303;214;0
STEP: 321.14562255152896;423.4368676545857;215;0
STEP: 320.7239855301732;422.17195659051833;216;0
STEP: 320.30234850881743;420.907045526451;217;0
STEP: 319.88071148746167;419.64213446238364;218;0
STEP: 319.4590744661059;418.3772233983163;219;0
STEP: 319.03743744475014;417.11231233424894;220;0
STEP: 318.6158004233944;415.8474012701816;221;0
STEP: 318.1941634020386;414.58249020611424;222;0
STEP: 317.77252638068285;413.3175791420469;223;0
STEP: 317.3508893593271;412.05266807797955;224;0
STEP: 316.9292523379713;410.7877570139122;225;0
STEP: 316.50761531661556;409.52284594984485;226;0
STEP: 316.0859782952598;408.2579348857775;227;0
STEP: 315.66434127390403;406.99302382171015;228;0
STEP: 315.24270425254826;405.7281127576428;229;0
STEP: 314.8210672311925;404.46320169357546;230;0
STEP: 314.39943020983674;403.1982906295081;231;0
STEP: 313.977793188481;401.93337956544076;232;0
STEP: 313.5561561671252;400.6684685013734;233;0
STEP: 313.13451914576945;399.40355743730606;234;0
STEP: 312.7128821244137;398.1386463732387;235;0
STEP: 312.2912451030579;396.87373530917137;236;0
STEP: 311.86960808170215;395.608824245104;237;0
STEP: 311.4479710603464;394.34391318103667;238;0
STEP: 311.0263340389906;393.0790021169693;239;0
STEP: 310.60469701763486;391.814091052902;240;0
STEP: 310.1830599962791;390.5491799888346;241;0
NEW DIRECTION: Swidnica;Sobotka;242;100
STEP: 310.0;390.0;242;0
STEP: 311.280368799329;388.9330260005592;243;0
STEP: 312.56073759865797;387.8660520011184;244;0
STEP: 313.84110639798695;386.79907800167763;245;0
STEP: 315.12147519731593;385.73210400223684;246;0
STEP: 316.4018439966449;384.66513000279605;247;0
STEP: 317.6822127959739;383.59815600335526;248;0
STEP: 318.9625815953029;382.53118200391447;249;0
STEP: 320.24295039463186;381.4642080044737;250;0
STEP: 321.52331919396084;380.3972340050329;251;0
STEP: 322.8036879932898;379.3302600055921;252;0
STEP: 324.0840567926188;378.2632860061513;253;0
STEP: 325.3644255919478;377.1963120067105;254;0
STEP: 326.6447943912768;376.1293380072697;255;0
STEP: 327.92516319060576;375.06236400782893;256;0
STEP: 329.20553198993474;373.99539000838814;257;0
STEP: 330.4859007892637;372.92841600894735;258;0
STEP: 331.7662695885927;371.86144200950656;259;0
STEP: 333.0466383879217;370.79446801006577;260;0
STEP: 334.3270071872507;369.727494010625;261;0
STEP: 335.60737598657965;368.6605200111842;262;0
STEP: 336.88774478590864;367.5935460117434;263;0
STEP: 338.1681135852376;366.5265720123026;264;0
STEP: 339.4484823845666;365.4595980128618;265;0
STEP: 340.7288511838956;364.392624013421;266;0
STEP: 342.00921998322457;363.32565001398024;267;0
STEP: 343.28958878255355;362.25867601453945;268;0
STEP: 344.56995758188253;361.19170201509866;269;0
STEP: 345.8503263812115;360.12472801565787;270;0
STEP: 347.1306951805405;359.0577540162171;271;0
STEP: 348.4110639798695;357.9907800167763;272;0
STEP: 349.69143277919846;356.9238060173355;273;0
STEP: 350.97180157852745;355.8568320178947;274;0
STEP: 352.25217037785643;354.7898580184539;275;0
STEP: 353.5325391771854;353.7228840190131;276;0
STEP: 354.8129079765144;352.65591001957233;277;0
STEP: 356.0932767758434;351.58893602013154;278;0
STEP: 357.37364557517236;350.52196202069075;279;0
STEP: 358.65401437450134;349.45498802124996;280;0
STEP: 359.9343831738303;348.38801402180917;281;0
STEP: 361.2147519731593;347.3210400223684;282;0
STEP: 362.4951207724883;346.2540660229276;283;0
STEP: 363.7754895718173;345.1870920234868;284;0
STEP: 365.05585837114626;344.120118024046;285;0
STEP: 366.33622717047524;343.0531440246052;286;0
STEP: 367.6165959698042;341.9861700251644;287;0
STEP: 368.8969647691332;340.91919602572364;288;0
NEW DIRECTION: Sobotka;Kobierzyce;289;100
STEP: 370.0;340.0;289;0
STEP: 371.6564728911227;339.81594745654195;290;0
STEP: 373.3129457822454;339.6318949130839;291;0
STEP: 374.96941867336807;339.44784236962585;292;0
STEP: 376.62589156449076;339.2637898261678;293;0
STEP: 378.28236445561345;339.07973728270974;294;0
STEP: 379.93883734673614;338.8956847392517;295;0
STEP: 381.5953102378588;338.71163219579364;296;0
STEP: 383.2517831289815;338.5275796523356;297;0
STEP: 384.9082560201042;338.34352710887754;298;0
STEP: 386.5647289112269;338.1594745654195;299;0
STEP: 388.2212018023496;337.97542202196144;300;0
STEP: 389.8776746934723;337.7913694785034;301;0
STEP: 391.53414758459496;337.60731693504533;302;0
STEP: 393.19062047571765;337.4232643915873;303;0
STEP: 394.84709336684034;337.23921184812923;304;0
STEP: 396.50356625796303;337.0551593046712;305;0
STEP: 398.1600391490857;336.8711067612131;306;0
STEP: 399.8165120402084;336.6870542177551;307;0
STEP: 401.4729849313311;336.503001674297;308;0
STEP: 403.1294578224538;336.318949130839;309;0
STEP: 404.7859307135765;336.1348965873809;310;0
STEP: 406.44240360469917;335.95084404392287;311;0
STEP: 408.09887649582186;335.7667915004648;312;0
STEP: 409.75534938694454;335.58273895700677;313;0
STEP: 411.41182227806723;335.3986864135487;314;0
STEP: 413.0682951691899;335.21463387009067;315;0
STEP: 414.7247680603126;335.0305813266326;316;0
STEP: 416.3812409514353;334.84652878317456;317;0
STEP: 418.037713842558;334.6624762397165;318;0
STEP: 419.6941867336807;334.47842369625846;319;0
STEP: 421.35065962480337;334.2943711528004;320;0
STEP: 423.00713251592606;334.11031860934236;321;0
STEP: 424.66360540704875;333.9262660658843;322;0
STEP: 426.32007829817144;333.74221352242625;323;0
STEP: 427.9765511892941;333.5581609789682;324;0
STEP: 429.6330240804168;333.37410843551015;325;0
STEP: 431.2894969715395;333.1900558920521;326;0
STEP: 432.9459698626622;333.00600334859405;327;0
STEP: 434.6024427537849;332.821950805136;328;0
STEP: 436.2589156449076;332.63789826167795;329;0
STEP: 437.91538853603026;332.4538457182199;330;0
STEP: 439.57186142715295;332.26979317476184;331;0
STEP: 441.22833431827564;332.0857406313038;332;0
STEP: 442.88480720939833;331.90168808784574;333;0
STEP: 444.541280100521;331.7176355443877;334;0
STEP: 446.1977529916437;331.53358300092964;335;0
STEP: 447.8542258827664;331.3495304574716;336;0
STEP: 449.5106987738891;331.16547791401354;337;0
STEP: 451.1671716650118;330.9814253705555;338;0
STEP: 452.82364455613447;330.79737282709743;339;0
STEP: 454.48011744725716;330.6133202836394;340;0
STEP: 456.13659033837985;330.42926774018133;341;0
STEP: 457.79306322950254;330.2452151967233;342;0
STEP: 459.4495361206252;330.0611626532652;343;0
NEW DIRECTION: Kobierzyce;Wroclaw;344;120
STEP: 460.0;330.0;344;0
STEP: 460.8944271909999;328.21114561800016;345;0
STEP: 461.78885438199984;326.4222912360003;346;0
STEP: 462.68328157299976;324.6334368540005;347;0
STEP: 463.5777087639997;322.84458247200064;348;0
STEP: 464.4721359549996;321.0557280900008;349;0
STEP: 465.3665631459995;319.26687370800096;350;0
STEP: 466.26099033699944;317.4780193260011;351;0
STEP: 467.15541752799936;315.6891649440013;352;0
STEP: 468.0498447189993;313.90031056200144;353;0
STEP: 468.9442719099992;312.1114561800016;354;0
STEP: 469.8386991009991;310.32260179800176;355;0
STEP: 470.73312629199904;308.5337474160019;356;0
STEP: 471.62755348299896;306.7448930340021;357;0
STEP: 472.5219806739989;304.95603865200223;358;0
STEP: 473.4164078649988;303.1671842700024;359;0
STEP: 474.3108350559987;301.37832988800255;360;0
STEP: 475.20526224699864;299.5894755060027;361;0
STEP: 476.09968943799856;297.8006211240029;362;0
STEP: 476.9941166289985;296.01176674200303;363;0
STEP: 477.8885438199984;294.2229123600032;364;0
STEP: 478.7829710109983;292.43405797800335;365;0
STEP: 479.67739820199824;290.6452035960035;366;0
STEP: 480.57182539299816;288.85634921400367;367;0
STEP: 481.4662525839981;287.06749483200383;368;0
STEP: 482.360679774998;285.278640450004;369;0
STEP: 483.2551069659979;283.48978606800415;370;0
STEP: 484.14953415699785;281.7009316860043;371;0
STEP: 485.04396134799777;279.91207730400447;372;0
STEP: 485.9383885389977;278.12322292200463;373;0
STEP: 486.8328157299976;276.3343685400048;374;0
STEP: 487.7272429209975;274.54551415800495;375;0
STEP: 488.62167011199745;272.7566597760051;376;0
STEP: 489.51609730299737;270.96780539400527;377;0
STEP: 490.4105244939973;269.1789510120054;378;0
STEP: 491.3049516849972;267.3900966300056;379;0
STEP: 492.1993788759971;265.60124224800575;380;0
STEP: 493.09380606699705;263.8123878660059;381;0
STEP: 493.98823325799697;262.02353348400607;382;0
STEP: 494.8826604489969;260.2346791020062;383;0
STEP: 495.7770876399968;258.4458247200064;384;0
STEP: 496.6715148309967;256.65697033800654;385;0
STEP: 497.56594202199665;254.8681159560067;386;0
STEP: 498.46036921299657;253.07926157400686;387;0
STEP: 499.3547964039965;251.29040719200702;388;0
(!) END OF ROUTE: 42;389;347;Wroclaw
