START: Dzierzoniow Slaski;Wroclaw;4;120;56;-1
STEP: 331.2952968401911;448.47612136448106;0;0
STEP: 332.5905936803822;446.9522427289621;1;0
STEP: 333.8858905205733;445.4283640934432;2;0
STEP: 335.1811873607644;443.90448545792424;3;0
STEP: 336.4764842009555;442.3806068224053;4;0
STEP: 337.7717810411466;440.85672818688636;5;0
STEP: 339.0670778813377;439.3328495513674;6;0
STEP: 340.3623747215288;437.8089709158485;7;0
STEP: 341.6576715617199;436.28509228032954;8;0
STEP: 342.952968401911;434.7612136448106;9;0
STEP: 344.2482652421021;433.23733500929166;10;0
STEP: 345.5435620822932;431.7134563737727;11;0
STEP: 346.8388589224843;430.1895777382538;12;0
STEP: 348.1341557626754;428.66569910273483;13;0
STEP: 349.4294526028665;427.1418204672159;14;0
STEP: 350.7247494430576;425.61794183169695;15;0
STEP: 352.0200462832487;424.094063196178;16;0
STEP: 353.3153431234398;422.5701845606591;17;0
STEP: 354.6106399636309;421.04630592514013;18;0
STEP: 355.905936803822;419.5224272896212;19;0
STEP: 357.2012336440131;417.99854865410225;20;0
STEP: 358.4965304842042;416.4746700185833;21;0
STEP: 359.7918273243953;414.95079138306437;22;0
STEP: 361.0871241645864;413.42691274754543;23;0
STEP: 362.3824210047775;411.9030341120265;24;0
STEP: 363.6777178449686;410.37915547650755;25;0
STEP: 364.9730146851597;408.8552768409886;26;0
STEP: 366.2683115253508;407.33139820546967;27;0
STEP: 367.5636083655419;405.8075195699507;28;0
STEP: 368.858905205733;404.2836409344318;29;0
STEP: 370.1542020459241;402.75976229891285;30;0
STEP: 371.4494988861152;401.2358836633939;31;0
STEP: 372.7447957263063;399.71200502787497;32;0
STEP: 374.0400925664974;398.188126392356;33;0
STEP: 375.3353894066885;396.6642477568371;34;0
STEP: 376.6306862468796;395.14036912131814;35;0
STEP: 377.9259830870707;393.6164904857992;36;0
STEP: 379.2212799272618;392.09261185028026;37;0
STEP: 380.5165767674529;390.5687332147613;38;0
STEP: 381.811873607644;389.0448545792424;39;0
STEP: 383.1071704478351;387.52097594372344;40;0
STEP: 384.4024672880262;385.9970973082045;41;0
STEP: 385.6977641282173;384.47321867268556;42;0
STEP: 386.9930609684084;382.9493400371666;43;0
STEP: 388.28835780859947;381.4254614016477;44;0
STEP: 389.58365464879057;379.90158276612874;45;0
STEP: 390.87895148898167;378.3777041306098;46;0
STEP: 392.17424832917277;376.85382549509086;47;0
STEP: 393.46954516936387;375.3299468595719;48;0
STEP: 394.76484200955497;373.806068224053;49;0
STEP: 396.06013884974607;372.28218958853404;50;0
STEP: 397.35543568993717;370.7583109530151;51;0
STEP: 398.65073253012827;369.23443231749616;52;0
STEP: 399.94602937031937;367.7105536819772;53;0
STEP: 401.24132621051046;366.1866750464583;54;0
STEP: 402.53662305070156;364.66279641093934;55;0
STEP: 403.83191989089266;363.1389177754204;56;0
STEP: 405.12721673108376;361.61503913990146;57;0
STEP: 406.42251357127486;360.0911605043825;58;0
STEP: 407.71781041146596;358.5672818688636;59;0
STEP: 409.01310725165706;357.04340323334463;60;0
STEP: 410.30840409184816;355.5195245978257;61;0
STEP: 411.60370093203926;353.99564596230675;62;0
STEP: 412.89899777223036;352.4717673267878;63;0
STEP: 414.19429461242146;350.9478886912689;64;0
STEP: 415.48959145261256;349.42401005574993;65;0
STEP: 416.78488829280366;347.900131420231;66;0
STEP: 418.08018513299476;346.37625278471205;67;0
STEP: 419.37548197318586;344.8523741491931;68;0
STEP: 420.67077881337696;343.32849551367417;69;0
STEP: 421.96607565356805;341.80461687815523;70;0
STEP: 423.26137249375915;340.2807382426363;71;0
STEP: 424.55666933395025;338.75685960711735;72;0
STEP: 425.85196617414135;337.2329809715984;73;0
STEP: 427.14726301433245;335.70910233607947;74;0
STEP: 428.44255985452355;334.1852237005605;75;0
STEP: 429.73785669471465;332.6613450650416;76;0
STEP: 431.03315353490575;331.13746642952265;77;0
STEP: 432.32845037509685;329.6135877940037;78;0
STEP: 433.62374721528795;328.08970915848477;79;0
STEP: 434.91904405547905;326.5658305229658;80;0
STEP: 436.21434089567015;325.0419518874469;81;0
STEP: 437.50963773586125;323.51807325192794;82;0
STEP: 438.80493457605235;321.994194616409;83;0
STEP: 440.10023141624345;320.47031598089006;84;0
STEP: 441.39552825643455;318.9464373453711;85;0
STEP: 442.69082509662564;317.4225587098522;86;0
STEP: 443.98612193681674;315.89868007433324;87;0
STEP: 445.28141877700784;314.3748014388143;88;0
STEP: 446.57671561719894;312.85092280329536;89;0
STEP: 447.87201245739004;311.3270441677764;90;0
STEP: 449.16730929758114;309.8031655322575;91;0
STEP: 450.46260613777224;308.27928689673854;92;0
STEP: 451.75790297796334;306.7554082612196;93;0
STEP: 453.05319981815444;305.23152962570066;94;0
STEP: 454.34849665834554;303.7076509901817;95;0
STEP: 455.64379349853664;302.1837723546628;96;0
STEP: 456.93909033872774;300.65989371914384;97;0
STEP: 458.23438717891884;299.1360150836249;98;0
STEP: 459.52968401910994;297.61213644810596;99;0
STEP: 460.82498085930104;296.088257812587;100;0
STEP: 462.12027769949214;294.5643791770681;101;0
STEP: 463.41557453968323;293.04050054154914;102;0
STEP: 464.71087137987433;291.5166219060302;103;0
STEP: 466.00616822006543;289.99274327051126;104;0
STEP: 467.30146506025653;288.4688646349923;105;0
STEP: 468.59676190044763;286.9449859994734;106;0
STEP: 469.89205874063873;285.42110736395443;107;0
STEP: 471.18735558082983;283.8972287284355;108;0
STEP: 472.48265242102093;282.37335009291655;109;0
STEP: 473.77794926121203;280.8494714573976;110;0
STEP: 475.07324610140313;279.3255928218787;111;0
STEP: 476.3685429415942;277.80171418635973;112;0
STEP: 477.6638397817853;276.2778355508408;113;0
STEP: 478.9591366219764;274.75395691532185;114;0
STEP: 480.2544334621675;273.2300782798029;115;0
STEP: 481.5497303023586;271.70619964428397;116;0
STEP: 482.8450271425497;270.18232100876503;117;0
STEP: 484.1403239827408;268.6584423732461;118;0
STEP: 485.4356208229319;267.13456373772715;119;0
STEP: 486.730917663123;265.6106851022082;120;0
STEP: 488.0262145033141;264.08680646668927;121;0
STEP: 489.3215113435052;262.5629278311703;122;0
STEP: 490.6168081836963;261.0390491956514;123;0
STEP: 491.9121050238874;259.51517056013245;124;0
STEP: 493.2074018640785;257.9912919246135;125;0
STEP: 494.5026987042696;256.46741328909457;126;0
STEP: 495.7979955444607;254.94353465357565;127;0
STEP: 497.0932923846518;253.41965601805674;128;0
STEP: 498.3885892248429;251.89577738253783;129;0
STEP: 499.683886065034;250.37189874701892;130;0
NEW DIRECTION: Wroclaw;Kobierzyce;131;100
STEP: 500.0;250.0;131;0
STEP: 499.2546440075001;251.49071198499985;132;0
STEP: 498.50928801500015;252.9814239699997;133;0
STEP: 497.7639320225002;254.47213595499954;134;0
STEP: 497.0185760300003;255.9628479399994;135;0
STEP: 496.2732200375004;257.45355992499924;136;0
STEP: 495.52786404500046;258.9442719099991;137;0
STEP: 494.78250805250053;260.43498389499894;138;0
STEP: 494.0371520600006;261.9256958799988;139;0
STEP: 493.2917960675007;263.41640786499863;140;0
STEP: 492.54644007500076;264.9071198499985;141;0
STEP: 491.80108408250084;266.3978318349983;142;0
STEP: 491.0557280900009;267.8885438199982;143;0
STEP: 490.310372097501;269.379255804998;144;0
STEP: 489.56501610500106;270.8699677899979;145;0
STEP: 488.81966011250114;272.3606797749977;146;0
STEP: 488.0743041200012;273.85139175999757;147;0
STEP: 487.3289481275013;275.3421037449974;148;0
STEP: 486.58359213500137;276.83281572999726;149;0
STEP: 485.83823614250144;278.3235277149971;150;0
STEP: 485.0928801500015;279.81423969999696;151;0
STEP: 484.3475241575016;281.3049516849968;152;0
STEP: 483.6021681650017;282.79566366999666;153;0
STEP: 482.85681217250175;284.2863756549965;154;0
STEP: 482.1114561800018;285.77708763999635;155;0
STEP: 481.3661001875019;287.2677996249962;156;0
STEP: 480.620744195002;288.75851160999605;157;0
STEP: 479.87538820250205;290.2492235949959;158;0
STEP: 479.1300322100021;291.73993557999574;159;0
STEP: 478.3846762175022;293.2306475649956;160;0
STEP: 477.6393202250023;294.72135954999544;161;0
STEP: 476.89396423250236;296.2120715349953;162;0
STEP: 476.14860824000243;297.70278351999514;163;0
STEP: 475.4032522475025;299.193495504995;164;0
STEP: 474.6578962550026;300.68420748999483;165;0
STEP: 473.91254026250266;302.1749194749947;166;0
STEP: 473.16718427000274;303.66563145999453;167;0
STEP: 472.4218282775028;305.1563434449944;168;0
STEP: 471.6764722850029;306.6470554299942;169;0
STEP: 470.93111629250296;308.1377674149941;170;0
STEP: 470.18576030000304;309.6284793999939;171;0
STEP: 469.4404043075031;311.11919138499377;172;0
STEP: 468.6950483150032;312.6099033699936;173;0
STEP: 467.94969232250327;314.10061535499347;174;0
STEP: 467.20433633000334;315.5913273399933;175;0
STEP: 466.4589803375034;317.08203932499316;176;0
STEP: 465.7136243450035;318.572751309993;177;0
STEP: 464.96826835250357;320.06346329499286;178;0
STEP: 464.22291236000365;321.5541752799927;179;0
STEP: 463.4775563675037;323.04488726499255;180;0
STEP: 462.7322003750038;324.5355992499924;181;0
STEP: 461.9868443825039;326.02631123499225;182;0
STEP: 461.24148839000395;327.5170232199921;183;0
STEP: 460.496132397504;329.00773520499195;184;0
NEW DIRECTION: Kobierzyce;Sobotka;185;100
STEP: 460.0;330.0;185;0
STEP: 458.3435271088773;330.18405254345805;186;0
STEP: 456.6870542177546;330.3681050869161;187;0
STEP: 455.03058132663193;330.55215763037415;188;0
STEP: 453.37410843550924;330.7362101738322;189;0
STEP: 451.71763554438655;330.92026271729026;190;0
STEP: 450.06116265326386;331.1043152607483;191;0
STEP: 448.4046897621412;331.28836780420636;192;0
STEP: 446.7482168710185;331.4724203476644;193;0
STEP: 445.0917439798958;331.65647289112246;194;0
STEP: 443.4352710887731;331.8405254345805;195;0
STEP: 441.7787981976504;332.02457797803856;196;0
STEP: 440.1223253065277;332.2086305214966;197;0
STEP: 438.46585241540504;332.39268306495467;198;0
STEP: 436.80937952428235;332.5767356084127;199;0
STEP: 435.15290663315966;332.76078815187077;200;0
STEP: 433.49643374203697;332.9448406953288;201;0
STEP: 431.8399608509143;333.1288932387869;202;0
STEP: 430.1834879597916;333.3129457822449;203;0
STEP: 428.5270150686689;333.496998325703;204;0
STEP: 426.8705421775462;333.681050869161;205;0
STEP: 425.2140692864235;333.8651034126191;206;0
STEP: 423.55759639530083;334.04915595607713;207;0
STEP: 421.90112350417814;334.2332084995352;208;0
STEP: 420.24465061305546;334.41726104299323;209;0
STEP: 418.58817772193277;334.6013135864513;210;0
STEP: 416.9317048308101;334.78536612990933;211;0
STEP: 415.2752319396874;334.9694186733674;212;0
STEP: 413.6187590485647;335.15347121682544;213;0
STEP: 411.962286157442;335.3375237602835;214;0
STEP: 410.3058132663193;335.52157630374154;215;0
STEP: 408.64934037519663;335.7056288471996;216;0
STEP: 406.99286748407394;335.88968139065764;217;0
STEP: 405.33639459295125;336.0737339341157;218;0
STEP: 403.67992170182856;336.25778647757375;219;0
STEP: 402.0234488107059;336.4418390210318;220;0
STEP: 400.3669759195832;336.62589156448985;221;0
STEP: 398.7105030284605;336.8099441079479;222;0
STEP: 397.0540301373378;336.99399665140595;223;0
STEP: 395.3975572462151;337.178049194864;224;0
STEP: 393.7410843550924;337.36210173832205;225;0
STEP: 392.08461146396974;337.5461542817801;226;0
STEP: 390.42813857284705;337.73020682523816;227;0
STEP: 388.77166568172436;337.9142593686962;228;0
STEP: 387.11519279060167;338.09831191215426;229;0
STEP: 385.458719899479;338.2823644556123;230;0
STEP: 383.8022470083563;338.46641699907036;231;0
STEP: 382.1457741172336;338.6504695425284;232;0
STEP: 380.4893012261109;338.83452208598646;233;0
STEP: 378.8328283349882;339.0185746294445;234;0
STEP: 377.17635544386553;339.20262717290257;235;0
STEP: 375.51988255274284;339.3866797163606;236;0
STEP: 373.86340966162015;339.57073225981867;237;0
STEP: 372.20693677049746;339.7547848032767;238;0
STEP: 370.5504638793748;339.9388373467348;239;0
NEW DIRECTION: Sobotka;Swidnica;240;80
STEP: 370.0;340.0;240;0
STEP: 368.97570496053686;340.85357919955266;241;0
STEP: 367.9514099210737;341.7071583991053;242;0
STEP: 366.9271148816106;342.56073759865797;243;0
STEP: 365.90281984214744;343.4143167982106;244;0
STEP: 364.8785248026843;344.2678959977633;245;0
STEP: 363.85422976322116;345.12147519731593;246;0
STEP: 362.829934723758;345.9750543968686;247;0
STEP: 361.8056396842949;346.82863359642124;248;0
STEP: 360.78134464483173;347.6822127959739;249;0
STEP: 359.7570496053686;348.53579199552655;250;0
STEP: 358.73275456590545;349.3893711950792;251;0
STEP: 357.7084595264423;350.24295039463186;252;0
STEP: 356.68416448697917;351.0965295941845;253;0
STEP: 355.65986944751603;351.9501087937372;254;0
STEP: 354.6355744080529;352.8036879932898;255;0
STEP: 353.61127936858975;353.6572671928425;256;0
STEP: 352.5869843291266;354.51084639239514;257;0
STEP: 351.56268928966347;355.3644255919478;258;0
STEP: 350.5383942502003;356.21800479150045;259;0
STEP: 349.5140992107372;357.0715839910531;260;0
STEP: 348.48980417127405;357.92516319060576;261;0
STEP: 347.4655091318109;358.7787423901584;262;0
STEP: 346.44121409234776;359.63232158971107;263;0
STEP: 345.4169190528846;360.4859007892637;264;0
STEP: 344.3926240134215;361.3394799888164;265;0
STEP: 343.36832897395834;362.19305918836903;266;0
STEP: 342.3440339344952;363.0466383879217;267;0
STEP: 341.31973889503206;363.90021758747434;268;0
STEP: 340.2954438555689;364.753796787027;269;0
STEP: 339.2711488161058;365.60737598657965;270;0
STEP: 338.24685377664264;366.4609551861323;271;0
STEP: 337.2225587371795;367.31453438568496;272;0
STEP: 336.19826369771636;368.1681135852376;273;0
STEP: 335.1739686582532;369.0216927847903;274;0
STEP: 334.1496736187901;369.87527198434293;275;0
STEP: 333.12537857932693;370.7288511838956;276;0
STEP: 332.1010835398638;371.58243038344824;277;0
STEP: 331.07678850040065;372.4360095830009;278;0
STEP: 330.0524934609375;373.28958878255355;279;0
STEP: 329.02819842147437;374.1431679821062;280;0
STEP: 328.00390338201123;374.99674718165886;281;0
STEP: 326.9796083425481;375.8503263812115;282;0
STEP: 325.95531330308495;376.7039055807642;283;0
STEP: 324.9310182636218;377.5574847803168;284;0
STEP: 323.90672322415867;378.4110639798695;285;0
STEP: 322.8824281846955;379.26464317942214;286;0
STEP: 321.8581331452324;380.1182223789748;287;0
STEP: 320.83383810576925;380.97180157852745;288;0
STEP: 319.8095430663061;381.8253807780801;289;0
STEP: 318.78524802684296;382.67895997763276;290;0
STEP: 317.7609529873798;383.5325391771854;291;0
STEP: 316.7366579479167;384.38611837673807;292;0
STEP: 315.71236290845354;385.2396975762907;293;0
STEP: 314.6880678689904;386.0932767758434;294;0
STEP: 313.66377282952726;386.94685597539603;295;0
STEP: 312.6394777900641;387.8004351749487;296;0
STEP: 311.615182750601;388.65401437450134;297;0
STEP: 310.59088771113784;389.507593574054;298;0
NEW DIRECTION: Swidnica;Dzierzoniow Slaski;299;80
STEP: 310.0;390.0;299;0
STEP: 310.42163702135576;391.26491106406735;300;0
STEP: 310.8432740427115;392.5298221281347;301;0
STEP: 311.2649110640673;393.79473319220205;302;0
STEP: 311.68654808542306;395.0596442562694;303;0
STEP: 312.1081851067788;396.32455532033674;304;0
STEP: 312.5298221281346;397.5894663844041;305;0
STEP: 312.95145914949035;398.85437744847144;306;0
STEP: 313.3730961708461;400.1192885125388;307;0
STEP: 313.7947331922019;401.38419957660614;308;0
STEP: 314.21637021355764;402.6491106406735;309;0
STEP: 314.6380072349134;403.91402170474083;310;0
STEP: 315.05964425626917;405.1789327688082;311;0
STEP: 315.48128127762493;406.44384383287553;312;0
STEP: 315.9029182989807;407.7087548969429;313;0
STEP: 316.32455532033646;408.9736659610102;314;0
STEP: 316.7461923416922;410.2385770250776;315;0
STEP: 317.167829363048;411.5034880891449;316;0
STEP: 317.58946638440375;412.7683991532123;317;0
STEP: 318.0111034057595;414.0333102172796;318;0
STEP: 318.4327404271153;415.29822128134697;319;0
STEP: 318.85437744847104;416.5631323454143;320;0
STEP: 319.2760144698268;417.82804340948167;321;0
STEP: 319.69765149118257;419.092954473549;322;0
STEP: 320.11928851253833;420.35786553761636;323;0
STEP: 320.5409255338941;421.6227766016837;324;0
STEP: 320.96256255524986;422.88768766575106;325;0
STEP: 321.3841995766056;424.1525987298184;326;0
STEP: 321.8058365979614;425.41750979388576;327;0
STEP: 322.22747361931715;426.6824208579531;328;0
STEP: 322.6491106406729;427.94733192202045;329;0
STEP: 323.0707476620287;429.2122429860878;330;0
STEP: 323.49238468338444;430.47715405015515;331;0
STEP: 323.9140217047402;431.7420651142225;332;0
STEP: 324.33565872609597;433.00697617828985;333;0
STEP: 324.75729574745174;434.2718872423572;334;0
STEP: 325.1789327688075;435.53679830642454;335;0
STEP: 325.60056979016326;436.8017093704919;336;0
STEP: 326.022206811519;438.06662043455924;337;0
STEP: 326.4438438328748;439.3315314986266;338;0
STEP: 326.86548085423055;440.59644256269394;339;0
STEP: 327.2871178755863;441.8613536267613;340;0
STEP: 327.7087548969421;443.12626469082863;341;0
STEP: 328.13039191829785;444.391175754896;342;0
STEP: 328.5520289396536;445.65608681896333;343;0
STEP: 328.9736659610094;446.9209978830307;344;0
STEP: 329.39530298236514;448.185908947098;345;0
STEP: 329.8169400037209;449.4508200111654;346;0
NEW DIRECTION: Dzierzoniow Slaski;Sobotka;347;100
STEP: 330.0;450.0;347;0
STEP: 330.5695717718112;448.4336776275193;348;0
STEP: 331.13914354362237;446.86735525503855;349;0
STEP: 331.70871531543355;445.3010328825578;350;0
STEP: 332.27828708724473;443.7347105100771;351;0
STEP: 332.8478588590559;442.16838813759637;352;0
STEP: 333.4174306308671;440.60206576511564;353;0
STEP: 333.9870024026783;439.0357433926349;354;0
STEP: 334.55657417448947;437.4694210201542;355;0
STEP: 335.12614594630065;435.90309864767346;356;0
STEP: 335.69571771811184;434.33677627519273;357;0
STEP: 336.265289489923;432.770453902712;358;0
STEP: 336.8348612617342;431.2041315302313;359;0
STEP: 337.4044330335454;429.63780915775055;360;0
STEP: 337.97400480535657;428.0714867852698;361;0
STEP: 338.54357657716776;426.5051644127891;362;0
STEP: 339.11314834897894;424.9388420403084;363;0
STEP: 339.6827201207901;423.37251966782765;364;0
STEP: 340.2522918926013;421.8061972953469;365;0
STEP: 340.8218636644125;420.2398749228662;366;0
STEP: 341.3914354362237;418.67355255038547;367;0
STEP: 341.96100720803486;417.10723017790474;368;0
STEP: 342.53057897984604;415.540907805424;369;0
STEP: 343.1001507516572;413.9745854329433;370;0
STEP: 343.6697225234684;412.40826306046256;371;0
STEP: 344.2392942952796;410.84194068798183;372;0
STEP: 344.8088660670908;409.2756183155011;373;0
STEP: 345.37843783890196;407.7092959430204;374;0
STEP: 345.94800961071314;406.14297357053965;375;0
STEP: 346.5175813825243;404.5766511980589;376;0
STEP: 347.0871531543355;403.0103288255782;377;0
STEP: 347.6567249261467;401.4440064530975;378;0
STEP: 348.2262966979579;399.87768408061675;379;0
STEP: 348.79586846976906;398.311361708136;380;0
STEP: 349.36544024158025;396.7450393356553;381;0
STEP: 349.93501201339143;395.17871696317457;382;0
STEP: 350.5045837852026;393.61239459069384;383;0
STEP: 351.0741555570138;392.0460722182131;384;0
STEP: 351.643727328825;390.4797498457324;385;0
STEP: 352.21329910063616;388.91342747325166;386;0
STEP: 352.78287087244735;387.34710510077093;387;0
STEP: 353.35244264425853;385.7807827282902;388;0
STEP: 353.9220144160697;384.2144603558095;389;0
STEP: 354.4915861878809;382.64813798332875;390;0
STEP: 355.0611579596921;381.081815610848;391;0
STEP: 355.63072973150327;379.5154932383673;392;0
STEP: 356.20030150331445;377.9491708658866;393;0
STEP: 356.76987327512563;376.38284849340585;394;0
STEP: 357.3394450469368;374.8165261209251;395;0
STEP: 357.909016818748;373.2502037484444;396;0
STEP: 358.4785885905592;371.68388137596367;397;0
STEP: 359.04816036237037;370.11755900348294;398;0
STEP: 359.61773213418155;368.5512366310022;399;0
STEP: 360.18730390599274;366.9849142585215;400;0
STEP: 360.7568756778039;365.41859188604076;401;0
STEP: 361.3264474496151;363.85226951356003;402;0
STEP: 361.8960192214263;362.2859471410793;403;0
STEP: 362.46559099323747;360.7196247685986;404;0
STEP: 363.03516276504865;359.15330239611785;405;0
STEP: 363.60473453685984;357.5869800236371;406;0
STEP: 364.174306308671;356.0206576511564;407;0
STEP: 364.7438780804822;354.45433527867567;408;0
STEP: 365.3134498522934;352.88801290619494;409;0
STEP: 365.8830216241046;351.3216905337142;410;0
STEP: 366.45259339591576;349.7553681612335;411;0
STEP: 367.02216516772694;348.18904578875276;412;0
STEP: 367.5917369395381;346.62272341627204;413;0
STEP: 368.1613087113493;345.0564010437913;414;0
STEP: 368.7308804831605;343.4900786713106;415;0
STEP: 369.3004522549717;341.92375629882986;416;0
STEP: 369.87002402678286;340.35743392634913;417;0
NEW DIRECTION: Sobotka;Kobierzyce;418;100
STEP: 370.0;340.0;418;0
STEP: 371.6564728911227;339.81594745654195;419;0
STEP: 373.3129457822454;339.6318949130839;420;0
STEP: 374.96941867336807;339.44784236962585;421;0
STEP: 376.62589156449076;339.2637898261678;422;0
STEP: 378.28236445561345;339.07973728270974;423;0
STEP: 379.93883734673614;338.8956847392517;424;0
STEP: 381.5953102378588;338.71163219579364;425;0
STEP: 383.2517831289815;338.5275796523356;426;0
STEP: 384.9082560201042;338.34352710887754;427;0
STEP: 386.5647289112269;338.1594745654195;428;0
STEP: 388.2212018023496;337.97542202196144;429;0
STEP: 389.8776746934723;337.7913694785034;430;0
STEP: 391.53414758459496;337.60731693504533;431;0
STEP: 393.19062047571765;337.4232643915873;432;0
STEP: 394.84709336684034;337.23921184812923;433;0
STEP: 396.50356625796303;337.0551593046712;434;0
STEP: 398.1600391490857;336.8711067612131;435;0
STEP: 399.8165120402084;336.6870542177551;436;0
STEP: 401.4729849313311;336.503001674297;437;0
STEP: 403.1294578224538;336.318949130839;438;0
STEP: 404.7859307135765;336.1348965873809;439;0
STEP: 406.44240360469917;335.95084404392287;440;0
STEP: 408.09887649582186;335.7667915004648;441;0
STEP: 409.75534938694454;335.58273895700677;442;0
STEP: 411.41182227806723;335.3986864135487;443;0
STEP: 413.0682951691899;335.21463387009067;444;0
STEP: 414.7247680603126;335.0305813266326;445;0
STEP: 416.3812409514353;334.84652878317456;446;0
STEP: 418.037713842558;334.6624762397165;447;0
STEP: 419.6941867336807;334.47842369625846;448;0
STEP: 421.35065962480337;334.2943711528004;449;0
STEP: 423.00713251592606;334.11031860934236;450;0
STEP: 424.66360540704875;333.9262660658843;451;0
STEP: 426.32007829817144;333.74221352242625;452;0
STEP: 427.9765511892941;333.5581609789682;453;0
STEP: 429.6330240804168;333.37410843551015;454;0
STEP: 431.2894969715395;333.1900558920521;455;0
STEP: 432.9459698626622;333.00600334859405;456;0
STEP: 434.6024427537849;332.821950805136;457;0
STEP: 436.2589156449076;332.63789826167795;458;0
STEP: 437.91538853603026;332.4538457182199;459;0
STEP: 439.57186142715295;332.26979317476184;460;0
STEP: 441.22833431827564;332.0857406313038;461;0
STEP: 442.88480720939833;331.90168808784574;462;0
STEP: 444.541280100521;331.7176355443877;463;0
STEP: 446.1977529916437;331.53358300092964;464;0
STEP: 447.8542258827664;331.3495304574716;465;0
STEP: 449.5106987738891;331.16547791401354;466;0
STEP: 451.1671716650118;330.9814253705555;467;0
STEP: 452.82364455613447;330.79737282709743;468;0
STEP: 454.48011744725716;330.6133202836394;469;0
STEP: 456.13659033837985;330.42926774018133;470;0
STEP: 457.79306322950254;330.2452151967233;471;0
STEP: 459.4495361206252;330.0611626532652;472;0
NEW DIRECTION: Kobierzyce;Wroclaw;473;120
STEP: 460.0;330.0;473;0
STEP: 460.8944271909999;328.21114561800016;474;0
STEP: 461.78885438199984;326.4222912360003;475;0
STEP: 462.68328157299976;324.6334368540005;476;0
STEP: 463.5777087639997;322.84458247200064;477;0
STEP: 464.4721359549996;321.0557280900008;478;0
STEP: 465.3665631459995;319.26687370800096;479;0
STEP: 466.26099033699944;317.4780193260011;480;0
STEP: 467.15541752799936;315.6891649440013;481;0
STEP: 468.0498447189993;313.90031056200144;482;0
STEP: 468.9442719099992;312.1114561800016;483;0
STEP: 469.8386991009991;310.32260179800176;484;0
STEP: 470.73312629199904;308.5337474160019;485;0
STEP: 471.62755348299896;306.7448930340021;486;0
STEP: 472.5219806739989;304.95603865200223;487;0
STEP: 473.4164078649988;303.1671842700024;488;0
STEP: 474.3108350559987;301.37832988800255;489;0
STEP: 475.20526224699864;299.5894755060027;490;0
STEP: 476.09968943799856;297.8006211240029;491;0
STEP: 476.9941166289985;296.01176674200303;492;0
STEP: 477.8885438199984;294.2229123600032;493;0
STEP: 478.7829710109983;292.43405797800335;494;0
STEP: 479.67739820199824;290.6452035960035;495;0
STEP: 480.57182539299816;288.85634921400367;496;0
STEP: 481.4662525839981;287.06749483200383;497;0
STEP: 482.360679774998;285.278640450004;498;0
STEP: 483.2551069659979;283.48978606800415;499;0
STEP: 484.14953415699785;281.7009316860043;500;0
STEP: 485.04396134799777;279.91207730400447;501;0
STEP: 485.9383885389977;278.12322292200463;502;0
STEP: 486.8328157299976;276.3343685400048;503;0
STEP: 487.7272429209975;274.54551415800495;504;0
STEP: 488.62167011199745;272.7566597760051;505;0
STEP: 489.51609730299737;270.96780539400527;506;0
STEP: 490.4105244939973;269.1789510120054;507;0
STEP: 491.3049516849972;267.3900966300056;508;0
STEP: 492.1993788759971;265.60124224800575;509;0
STEP: 493.09380606699705;263.8123878660059;510;0
STEP: 493.98823325799697;262.02353348400607;511;0
STEP: 494.8826604489969;260.2346791020062;512;0
STEP: 495.7770876399968;258.4458247200064;513;0
STEP: 496.6715148309967;256.65697033800654;514;0
STEP: 497.56594202199665;254.8681159560067;515;0
STEP: 498.46036921299657;253.07926157400686;516;0
STEP: 499.3547964039965;251.29040719200702;517;0
(!) END OF ROUTE: 56;518;462;Wroclaw
