START: Wroclaw;Katy Wroclawskie;0;160;32;-1
STEP: 497.4457965727436;250.76626102817693;0;0
STEP: 494.89159314548715;251.53252205635386;1;0
STEP: 492.3373897182307;252.29878308453078;2;0
STEP: 489.7831862909743;253.0650441127077;3;0
STEP: 487.2289828637179;253.83130514088464;4;0
STEP: 484.67477943646145;254.59756616906157;5;0
STEP: 482.120576009205;255.3638271972385;6;0
STEP: 479.5663725819486;256.1300882254154;7;0
STEP: 477.0121691546922;256.89634925359235;8;0
STEP: 474.45796572743575;257.6626102817693;9;0
STEP: 471.9037623001793;258.4288713099462;10;0
STEP: 469.3495588729229;259.19513233812313;11;0
STEP: 466.7953554456665;259.96139336630006;12;0
STEP: 464.24115201841005;260.727654394477;13;0
STEP: 461.6869485911536;261.4939154226539;14;0
STEP: 459.1327451638972;262.26017645083084;15;0
STEP: 456.5785417366408;263.02643747900777;16;0
STEP: 454.02433830938435;263.7926985071847;17;0
STEP: 451.4701348821279;264.5589595353616;18;0
STEP: 448.9159314548715;265.32522056353855;19;0
STEP: 446.3617280276151;266.0914815917155;20;0
STEP: 443.80752460035865;266.8577426198924;21;0
STEP: 441.2533211731022;267.62400364806933;22;0
STEP: 438.6991177458458;268.39026467624626;23;0
STEP: 436.1449143185894;269.1565257044232;24;0
STEP: 433.59071089133295;269.9227867326001;25;0
STEP: 431.0365074640765;270.68904776077704;26;0
STEP: 428.4823040368201;271.45530878895397;27;0
STEP: 425.92810060956367;272.2215698171309;28;0
STEP: 423.37389718230725;272.9878308453078;29;0
STEP: 420.8196937550508;273.75409187348475;30;0
STEP: 418.2654903277944;274.5203529016617;31;0
STEP: 415.71128690053797;275.2866139298386;32;0
STEP: 413.15708347328155;276.05287495801554;33;0
STEP: 410.6028800460251;276.81913598619246;34;0
STEP: 408.0486766187687;277.5853970143694;35;0
STEP: 405.49447319151227;278.3516580425463;36;0
STEP: 402.94026976425585;279.11791907072325;37;0
STEP: 400.3860663369994;279.8841800989002;38;0
NEW DIRECTION: Katy Wroclawskie;Jaworzyna Slaska;39;160
STEP: 400.0;280.0;39;0
STEP: 397.36434213959836;280.40548582467716;40;0
STEP: 394.7286842791967;280.8109716493543;41;0
STEP: 392.0930264187951;281.2164574740315;42;0
STEP: 389.45736855839345;281.62194329870863;43;0
STEP: 386.8217106979918;282.0274291233858;44;0
STEP: 384.1860528375902;282.43291494806294;45;0
STEP: 381.55039497718855;282.8384007727401;46;0
STEP: 378.9147371167869;283.24388659741726;47;0
STEP: 376.2790792563853;283.6493724220944;48;0
STEP: 373.64342139598364;284.0548582467716;49;0
STEP: 371.007763535582;284.46034407144873;50;0
STEP: 368.37210567518036;284.8658298961259;51;0
STEP: 365.7364478147787;285.27131572080305;52;0
STEP: 363.1007899543771;285.6768015454802;53;0
STEP: 360.46513209397546;286.08228737015736;54;0
STEP: 357.8294742335738;286.4877731948345;55;0
STEP: 355.1938163731722;286.8932590195117;56;0
STEP: 352.55815851277055;287.29874484418883;57;0
STEP: 349.9225006523689;287.704230668866;58;0
STEP: 347.2868427919673;288.10971649354315;59;0
STEP: 344.65118493156564;288.5152023182203;60;0
STEP: 342.015527071164;288.92068814289746;61;0
STEP: 339.37986921076237;289.3261739675746;62;0
STEP: 336.74421135036073;289.7316597922518;63;0
STEP: 334.1085534899591;290.13714561692893;64;0
STEP: 331.47289562955746;290.5426314416061;65;0
STEP: 328.8372377691558;290.94811726628325;66;0
STEP: 326.2015799087542;291.3536030909604;67;0
STEP: 323.56592204835255;291.75908891563756;68;0
STEP: 320.9302641879509;292.1645747403147;69;0
STEP: 318.2946063275493;292.5700605649919;70;0
STEP: 315.65894846714764;292.97554638966903;71;0
STEP: 313.023290606746;293.3810322143462;72;0
STEP: 310.38763274634437;293.78651803902335;73;0
STEP: 307.75197488594273;294.1920038637005;74;0
STEP: 305.1163170255411;294.59748968837766;75;0
STEP: 302.48065916513946;295.0029755130548;76;0
STEP: 299.8450013047378;295.408461337732;77;0
STEP: 297.2093434443362;295.81394716240914;78;0
STEP: 294.57368558393455;296.2194329870863;79;0
STEP: 291.9380277235329;296.62491881176345;80;0
STEP: 289.3023698631313;297.0304046364406;81;0
STEP: 286.66671200272964;297.43589046111776;82;0
STEP: 284.031054142328;297.8413762857949;83;0
STEP: 281.39539628192637;298.2468621104721;84;0
STEP: 278.75973842152473;298.65234793514924;85;0
STEP: 276.1240805611231;299.0578337598264;86;0
STEP: 273.48842270072146;299.46331958450355;87;0
STEP: 270.8527648403198;299.8688054091807;88;0
NEW DIRECTION: Jaworzyna Slaska;Swiebodzice;89;160
STEP: 270.0;300.0;89;0
STEP: 268.24398771235064;302.006871185885;90;0
STEP: 266.4879754247013;304.01374237177004;91;0
STEP: 264.73196313705193;306.02061355765505;92;0
STEP: 262.9759508494026;308.02748474354007;93;0
STEP: 261.2199385617532;310.0343559294251;94;0
STEP: 259.46392627410387;312.0412271153101;95;0
STEP: 257.7079139864545;314.0480983011951;96;0
STEP: 255.95190169880513;316.05496948708014;97;0
STEP: 254.19588941115575;318.06184067296516;98;0
STEP: 252.43987712350636;320.0687118588502;99;0
STEP: 250.68386483585698;322.0755830447352;100;0
STEP: 248.9278525482076;324.0824542306202;101;0
STEP: 247.1718402605582;326.08932541650523;102;0
STEP: 245.41582797290883;328.09619660239025;103;0
STEP: 243.65981568525945;330.10306778827527;104;0
STEP: 241.90380339761006;332.1099389741603;105;0
STEP: 240.14779110996068;334.1168101600453;106;0
STEP: 238.3917788223113;336.1236813459303;107;0
STEP: 236.6357665346619;338.13055253181534;108;0
STEP: 234.87975424701253;340.13742371770036;109;0
STEP: 233.12374195936314;342.1442949035854;110;0
STEP: 231.36772967171376;344.1511660894704;111;0
STEP: 229.61171738406438;346.1580372753554;112;0
STEP: 227.855705096415;348.16490846124043;113;0
STEP: 226.0996928087656;350.17177964712545;114;0
STEP: 224.34368052111623;352.17865083301047;115;0
STEP: 222.58766823346684;354.1855220188955;116;0
STEP: 220.83165594581746;356.1923932047805;117;0
STEP: 219.07564365816808;358.1992643906655;118;0
STEP: 217.3196313705187;360.20613557655054;119;0
STEP: 215.5636190828693;362.21300676243555;120;0
STEP: 213.80760679521993;364.2198779483206;121;0
STEP: 212.05159450757054;366.2267491342056;122;0
STEP: 210.29558221992116;368.2336203200906;123;0
STEP: 208.53956993227177;370.2404915059756;124;0
STEP: 206.7835576446224;372.24736269186064;125;0
STEP: 205.027545356973;374.25423387774566;126;0
STEP: 203.27153306932362;376.2611050636307;127;0
STEP: 201.51552078167424;378.2679762495157;128;0
NEW DIRECTION: Swiebodzice;Walbrzych;129;160
STEP: 200.0;380.0;129;0
STEP: 199.267410325607;382.56406386037554;130;0
STEP: 198.53482065121398;385.1281277207511;131;0
STEP: 197.80223097682097;387.6921915811266;132;0
STEP: 197.06964130242795;390.25625544150216;133;0
STEP: 196.33705162803494;392.8203193018777;134;0
STEP: 195.60446195364193;395.38438316225324;135;0
STEP: 194.87187227924892;397.9484470226288;136;0
STEP: 194.1392826048559;400.5125108830043;137;0
STEP: 193.4066929304629;403.07657474337987;138;0
STEP: 192.67410325606988;405.6406386037554;139;0
STEP: 191.94151358167687;408.20470246413095;140;0
STEP: 191.20892390728386;410.7687663245065;141;0
STEP: 190.47633423289085;413.332830184882;142;0
STEP: 189.74374455849784;415.89689404525757;143;0
STEP: 189.01115488410483;418.4609579056331;144;0
STEP: 188.27856520971181;421.02502176600865;145;0
STEP: 187.5459755353188;423.5890856263842;146;0
STEP: 186.8133858609258;426.15314948675973;147;0
STEP: 186.08079618653278;428.71721334713527;148;0
STEP: 185.34820651213977;431.2812772075108;149;0
STEP: 184.61561683774676;433.84534106788635;150;0
STEP: 183.88302716335374;436.4094049282619;151;0
STEP: 183.15043748896073;438.97346878863743;152;0
STEP: 182.41784781456772;441.537532649013;153;0
STEP: 181.6852581401747;444.1015965093885;154;0
STEP: 180.9526684657817;446.66566036976405;155;0
STEP: 180.2200787913887;449.2297242301396;156;0
NEW DIRECTION: Walbrzych;Swiebodzice;157;160
STEP: 180.0;450.0;157;0
STEP: 180.732589674393;447.43593613962446;158;0
STEP: 181.46517934878602;444.8718722792489;159;0
STEP: 182.19776902317903;442.3078084188734;160;0
STEP: 182.93035869757205;439.74374455849784;161;0
STEP: 183.66294837196506;437.1796806981223;162;0
STEP: 184.39553804635807;434.61561683774676;163;0
STEP: 185.12812772075108;432.0515529773712;164;0
STEP: 185.8607173951441;429.4874891169957;165;0
STEP: 186.5933070695371;426.92342525662013;166;0
STEP: 187.32589674393012;424.3593613962446;167;0
STEP: 188.05848641832313;421.79529753586905;168;0
STEP: 188.79107609271614;419.2312336754935;169;0
STEP: 189.52366576710915;416.667169815118;170;0
STEP: 190.25625544150216;414.10310595474243;171;0
STEP: 190.98884511589517;411.5390420943669;172;0
STEP: 191.72143479028819;408.97497823399135;173;0
STEP: 192.4540244646812;406.4109143736158;174;0
STEP: 193.1866141390742;403.84685051324027;175;0
STEP: 193.91920381346722;401.28278665286473;176;0
STEP: 194.65179348786023;398.7187227924892;177;0
STEP: 195.38438316225324;396.15465893211365;178;0
STEP: 196.11697283664626;393.5905950717381;179;0
STEP: 196.84956251103927;391.02653121136257;180;0
STEP: 197.58215218543228;388.462467350987;181;0
STEP: 198.3147418598253;385.8984034906115;182;0
STEP: 199.0473315342183;383.33433963023595;183;0
STEP: 199.7799212086113;380.7702757698604;184;0
NEW DIRECTION: Swiebodzice;Jaworzyna Slaska;185;160
STEP: 200.0;380.0;185;0
STEP: 201.75601228764938;377.993128814115;186;0
STEP: 203.51202457529877;375.98625762822996;187;0
STEP: 205.26803686294815;373.97938644234495;188;0
STEP: 207.02404915059753;371.97251525645993;189;0
STEP: 208.78006143824692;369.9656440705749;190;0
STEP: 210.5360737258963;367.9587728846899;191;0
STEP: 212.29208601354568;365.9519016988049;192;0
STEP: 214.04809830119507;363.94503051291986;193;0
STEP: 215.80411058884445;361.93815932703484;194;0
STEP: 217.56012287649384;359.9312881411498;195;0
STEP: 219.31613516414322;357.9244169552648;196;0
STEP: 221.0721474517926;355.9175457693798;197;0
STEP: 222.828159739442;353.91067458349477;198;0
STEP: 224.58417202709137;351.90380339760975;199;0
STEP: 226.34018431474075;349.89693221172473;200;0
STEP: 228.09619660239014;347.8900610258397;201;0
STEP: 229.85220889003952;345.8831898399547;202;0
STEP: 231.6082211776889;343.8763186540697;203;0
STEP: 233.3642334653383;341.86944746818466;204;0
STEP: 235.12024575298767;339.86257628229964;205;0
STEP: 236.87625804063705;337.8557050964146;206;0
STEP: 238.63227032828644;335.8488339105296;207;0
STEP: 240.38828261593582;333.8419627246446;208;0
STEP: 242.1442949035852;331.83509153875957;209;0
STEP: 243.9003071912346;329.82822035287455;210;0
STEP: 245.65631947888397;327.82134916698953;211;0
STEP: 247.41233176653336;325.8144779811045;212;0
STEP: 249.16834405418274;323.8076067952195;213;0
STEP: 250.92435634183212;321.8007356093345;214;0
STEP: 252.6803686294815;319.79386442344946;215;0
STEP: 254.4363809171309;317.78699323756445;216;0
STEP: 256.1923932047803;315.7801220516794;217;0
STEP: 257.94840549242963;313.7732508657944;218;0
STEP: 259.704417780079;311.7663796799094;219;0
STEP: 261.46043006772834;309.7595084940244;220;0
STEP: 263.2164423553777;307.75263730813936;221;0
STEP: 264.97245464302705;305.74576612225434;222;0
STEP: 266.7284669306764;303.7388949363693;223;0
STEP: 268.48447921832576;301.7320237504843;224;0
NEW DIRECTION: Jaworzyna Slaska;Katy Wroclawskie;225;160
STEP: 270.0;300.0;225;0
STEP: 272.63565786040164;299.59451417532284;226;0
STEP: 275.2713157208033;299.1890283506457;227;0
STEP: 277.9069735812049;298.7835425259685;228;0
STEP: 280.54263144160655;298.37805670129137;229;0
STEP: 283.1782893020082;297.9725708766142;230;0
STEP: 285.8139471624098;297.56708505193706;231;0
STEP: 288.44960502281145;297.1615992272599;232;0
STEP: 291.0852628832131;296.75611340258274;233;0
STEP: 293.7209207436147;296.3506275779056;234;0
STEP: 296.35657860401636;295.9451417532284;235;0
STEP: 298.992236464418;295.53965592855127;236;0
STEP: 301.62789432481964;295.1341701038741;237;0
STEP: 304.2635521852213;294.72868427919695;238;0
STEP: 306.8992100456229;294.3231984545198;239;0
STEP: 309.53486790602454;293.91771262984264;240;0
STEP: 312.1705257664262;293.5122268051655;241;0
STEP: 314.8061836268278;293.1067409804883;242;0
STEP: 317.44184148722945;292.70125515581117;243;0
STEP: 320.0774993476311;292.295769331134;244;0
STEP: 322.7131572080327;291.89028350645685;245;0
STEP: 325.34881506843436;291.4847976817797;246;0
STEP: 327.984472928836;291.07931185710254;247;0
STEP: 330.62013078923763;290.6738260324254;248;0
STEP: 333.25578864963927;290.2683402077482;249;0
STEP: 335.8914465100409;289.86285438307107;250;0
STEP: 338.52710437044254;289.4573685583939;251;0
STEP: 341.1627622308442;289.05188273371675;252;0
STEP: 343.7984200912458;288.6463969090396;253;0
STEP: 346.43407795164745;288.24091108436244;254;0
STEP: 349.0697358120491;287.8354252596853;255;0
STEP: 351.7053936724507;287.4299394350081;256;0
STEP: 354.34105153285236;287.02445361033097;257;0
STEP: 356.976709393254;286.6189677856538;258;0
STEP: 359.61236725365563;286.21348196097665;259;0
STEP: 362.24802511405727;285.8079961362995;260;0
STEP: 364.8836829744589;285.40251031162234;261;0
STEP: 367.51934083486054;284.9970244869452;262;0
STEP: 370.1549986952622;284.591538662268;263;0
STEP: 372.7906565556638;284.18605283759086;264;0
STEP: 375.42631441606545;283.7805670129137;265;0
STEP: 378.0619722764671;283.37508118823655;266;0
STEP: 380.6976301368687;282.9695953635594;267;0
STEP: 383.33328799727036;282.56410953888224;268;0
STEP: 385.968945857672;282.1586237142051;269;0
STEP: 388.60460371807363;281.7531378895279;270;0
STEP: 391.24026157847527;281.34765206485076;271;0
STEP: 393.8759194388769;280.9421662401736;272;0
STEP: 396.51157729927854;280.53668041549645;273;0
STEP: 399.1472351596802;280.1311945908193;274;0
NEW DIRECTION: Katy Wroclawskie;Wroclaw;275;160
STEP: 400.0;280.0;275;0
STEP: 402.5542034272564;279.2337389718231;276;0
STEP: 405.10840685451285;278.46747794364614;277;0
STEP: 407.6626102817693;277.7012169154692;278;0
STEP: 410.2168137090257;276.9349558872923;279;0
STEP: 412.7710171362821;276.16869485911536;280;0
STEP: 415.32522056353855;275.40243383093843;281;0
STEP: 417.879423990795;274.6361728027615;282;0
STEP: 420.4336274180514;273.8699117745846;283;0
STEP: 422.9878308453078;273.10365074640765;284;0
STEP: 425.54203427256425;272.3373897182307;285;0
STEP: 428.0962376998207;271.5711286900538;286;0
STEP: 430.6504411270771;270.80486766187687;287;0
STEP: 433.2046445543335;270.03860663369994;288;0
STEP: 435.75884798158995;269.272345605523;289;0
STEP: 438.3130514088464;268.5060845773461;290;0
STEP: 440.8672548361028;267.73982354916916;291;0
STEP: 443.4214582633592;266.97356252099223;292;0
STEP: 445.97566169061565;266.2073014928153;293;0
STEP: 448.5298651178721;265.4410404646384;294;0
STEP: 451.0840685451285;264.67477943646145;295;0
STEP: 453.6382719723849;263.9085184082845;296;0
STEP: 456.19247539964135;263.1422573801076;297;0
STEP: 458.7466788268978;262.37599635193067;298;0
STEP: 461.3008822541542;261.60973532375374;299;0
STEP: 463.8550856814106;260.8434742955768;300;0
STEP: 466.40928910866705;260.0772132673999;301;0
STEP: 468.9634925359235;259.31095223922296;302;0
STEP: 471.5176959631799;258.54469121104603;303;0
STEP: 474.07189939043633;257.7784301828691;304;0
STEP: 476.62610281769275;257.0121691546922;305;0
STEP: 479.1803062449492;256.24590812651525;306;0
STEP: 481.7345096722056;255.47964709833832;307;0
STEP: 484.28871309946203;254.7133860701614;308;0
STEP: 486.84291652671845;253.94712504198446;309;0
STEP: 489.3971199539749;253.18086401380754;310;0
STEP: 491.9513233812313;252.4146029856306;311;0
STEP: 494.50552680848773;251.64834195745368;312;0
STEP: 497.05973023574415;250.88208092927675;313;0
STEP: 499.6139336630006;250.11581990109983;314;0
(!) END OF ROUTE: 32;315;283;Wroclaw
