START: Wroclaw;Sroda Slaska;9;160;34;-1
STEP: 497.3925268957936;249.44125576338433;0;0
STEP: 494.7850537915872;248.88251152676867;1;0
STEP: 492.1775806873808;248.323767290153;2;0
STEP: 489.5701075831744;247.76502305353733;3;0
STEP: 486.96263447896797;247.20627881692167;4;0
STEP: 484.35516137476156;246.647534580306;5;0
STEP: 481.74768827055516;246.08879034369033;6;0
STEP: 479.14021516634875;245.53004610707467;7;0
STEP: 476.53274206214235;244.971301870459;8;0
STEP: 473.92526895793594;244.41255763384333;9;0
STEP: 471.31779585372954;243.85381339722767;10;0
STEP: 468.71032274952313;243.295069160612;11;0
STEP: 466.1028496453167;242.73632492399634;12;0
STEP: 463.4953765411103;242.17758068738067;13;0
STEP: 460.8879034369039;241.618836450765;14;0
STEP: 458.2804303326975;241.06009221414934;15;0
STEP: 455.6729572284911;240.50134797753367;16;0
STEP: 453.0654841242847;239.942603740918;17;0
STEP: 450.4580110200783;239.38385950430234;18;0
STEP: 447.8505379158719;238.82511526768667;19;0
STEP: 445.2430648116655;238.266371031071;20;0
STEP: 442.63559170745907;237.70762679445534;21;0
STEP: 440.02811860325266;237.14888255783967;22;0
STEP: 437.42064549904626;236.590138321224;23;0
STEP: 434.81317239483985;236.03139408460834;24;0
STEP: 432.20569929063345;235.47264984799267;25;0
STEP: 429.59822618642704;234.913905611377;26;0
STEP: 426.99075308222064;234.35516137476134;27;0
STEP: 424.38327997801423;233.79641713814567;28;0
STEP: 421.7758068738078;233.23767290153;29;0
STEP: 419.1683337696014;232.67892866491434;30;0
STEP: 416.560860665395;232.12018442829867;31;0
STEP: 413.9533875611886;231.561440191683;32;0
STEP: 411.3459144569822;231.00269595506734;33;0
STEP: 408.7384413527758;230.44395171845167;34;0
STEP: 406.1309682485694;229.885207481836;35;0
STEP: 403.523495144363;229.32646324522034;36;0
STEP: 400.9160220401566;228.76771900860467;37;0
STEP: 398.30854893595017;228.208974771989;38;0
STEP: 395.70107583174376;227.65023053537334;39;0
STEP: 393.09360272753736;227.09148629875767;40;0
STEP: 390.48612962333095;226.532742062142;41;0
STEP: 387.87865651912455;225.97399782552634;42;0
STEP: 385.27118341491814;225.41525358891067;43;0
STEP: 382.66371031071174;224.856509352295;44;0
STEP: 380.05623720650533;224.29776511567934;45;0
STEP: 377.4487641022989;223.73902087906367;46;0
STEP: 374.8412909980925;223.180276642448;47;0
STEP: 372.2338178938861;222.62153240583234;48;0
STEP: 369.6263447896797;222.06278816921667;49;0
STEP: 367.0188716854733;221.504043932601;50;0
STEP: 364.4113985812669;220.94529969598534;51;0
STEP: 361.8039254770605;220.38655545936967;52;0
NEW DIRECTION: Sroda Slaska;Malczyce;53;160
STEP: 360.0;220.0;53;0
STEP: 357.5631692036793;218.91696409052415;54;0
STEP: 355.1263384073586;217.8339281810483;55;0
STEP: 352.6895076110379;216.75089227157244;56;0
STEP: 350.25267681471723;215.6678563620966;57;0
STEP: 347.81584601839654;214.58482045262073;58;0
STEP: 345.37901522207585;213.50178454314488;59;0
STEP: 342.94218442575516;212.41874863366903;60;0
STEP: 340.50535362943447;211.33571272419317;61;0
STEP: 338.0685228331138;210.25267681471732;62;0
STEP: 335.6316920367931;209.16964090524147;63;0
STEP: 333.1948612404724;208.0866049957656;64;0
STEP: 330.7580304441517;207.00356908628976;65;0
STEP: 328.321199647831;205.9205331768139;66;0
STEP: 325.8843688515103;204.83749726733805;67;0
STEP: 323.4475380551896;203.7544613578622;68;0
STEP: 321.01070725886893;202.67142544838634;69;0
STEP: 318.57387646254824;201.5883895389105;70;0
STEP: 316.13704566622755;200.50535362943464;71;0
STEP: 313.70021486990686;199.42231771995878;72;0
STEP: 311.26338407358617;198.33928181048293;73;0
STEP: 308.8265532772655;197.25624590100708;74;0
STEP: 306.3897224809448;196.17320999153122;75;0
STEP: 303.9528916846241;195.09017408205537;76;0
STEP: 301.5160608883034;194.00713817257952;77;0
STEP: 299.0792300919827;192.92410226310366;78;0
STEP: 296.642399295662;191.8410663536278;79;0
STEP: 294.2055684993413;190.75803044415196;80;0
STEP: 291.76873770302063;189.6749945346761;81;0
STEP: 289.33190690669994;188.59195862520025;82;0
STEP: 286.89507611037925;187.5089227157244;83;0
STEP: 284.45824531405856;186.42588680624854;84;0
STEP: 282.02141451773787;185.3428508967727;85;0
STEP: 279.5845837214172;184.25981498729683;86;0
STEP: 277.1477529250965;183.17677907782098;87;0
STEP: 274.7109221287758;182.09374316834513;88;0
STEP: 272.2740913324551;181.01070725886927;89;0
NEW DIRECTION: Malczyce;Legnica;90;160
STEP: 270.0;180.0;90;0
STEP: 267.3333333333333;180.0;91;0
STEP: 264.66666666666663;180.0;92;0
STEP: 261.99999999999994;180.0;93;0
STEP: 259.33333333333326;180.0;94;0
STEP: 256.6666666666666;180.0;95;0
STEP: 253.99999999999991;180.0;96;0
STEP: 251.33333333333326;180.0;97;0
STEP: 248.6666666666666;180.0;98;0
STEP: 245.99999999999994;180.0;99;0
STEP: 243.3333333333333;180.0;100;0
STEP: 240.66666666666663;180.0;101;0
STEP: 237.99999999999997;180.0;102;0
STEP: 235.33333333333331;180.0;103;0
STEP: 232.66666666666666;180.0;104;0
STEP: 230.0;180.0;105;0
STEP: 227.33333333333334;180.0;106;0
STEP: 224.66666666666669;180.0;107;0
STEP: 222.00000000000003;180.0;108;0
STEP: 219.33333333333337;180.0;109;0
STEP: 216.6666666666667;180.0;110;0
STEP: 214.00000000000006;180.0;111;0
STEP: 211.3333333333334;180.0;112;0
STEP: 208.66666666666674;180.0;113;0
STEP: 206.00000000000009;180.0;114;0
STEP: 203.33333333333343;180.0;115;0
STEP: 200.66666666666677;180.0;116;0
STEP: 198.0000000000001;180.0;117;0
STEP: 195.33333333333346;180.0;118;0
STEP: 192.6666666666668;180.0;119;0
STEP: 190.00000000000014;180.0;120;0
STEP: 187.33333333333348;180.0;121;0
STEP: 184.66666666666683;180.0;122;0
STEP: 182.00000000000017;180.0;123;0
STEP: 179.3333333333335;180.0;124;0
STEP: 176.66666666666686;180.0;125;0
STEP: 174.0000000000002;180.0;126;0
STEP: 171.33333333333354;180.0;127;0
STEP: 168.66666666666688;180.0;128;0
STEP: 166.00000000000023;180.0;129;0
STEP: 163.33333333333357;180.0;130;0
STEP: 160.6666666666669;180.0;131;0
STEP: 158.00000000000026;180.0;132;0
STEP: 155.3333333333336;180.0;133;0
STEP: 152.66666666666694;180.0;134;0
STEP: 150.00000000000028;180.0;135;0
STEP: 147.33333333333363;180.0;136;0
STEP: 144.66666666666697;180.0;137;0
STEP: 142.0000000000003;180.0;138;0
STEP: 139.33333333333366;180.0;139;0
STEP: 136.666666666667;180.0;140;0
STEP: 134.00000000000034;180.0;141;0
STEP: 131.33333333333368;180.0;142;0
STEP: 128.66666666666703;180.0;143;0
STEP: 126.00000000000036;180.0;144;0
STEP: 123.33333333333368;180.0;145;0
STEP: 120.66666666666701;180.0;146;0
STEP: 118.00000000000034;180.0;147;0
STEP: 115.33333333333367;180.0;148;0
STEP: 112.666666666667;180.0;149;0
STEP: 110.00000000000033;180.0;150;0
STEP: 107.33333333333366;180.0;151;0
STEP: 104.66666666666698;180.0;152;0
STEP: 102.00000000000031;180.0;153;0
NEW DIRECTION: Legnica;Malczyce;154;160
STEP: 100.0;180.0;154;0
STEP: 102.66666666666667;180.0;155;0
STEP: 105.33333333333334;180.0;156;0
STEP: 108.00000000000001;180.0;157;0
STEP: 110.66666666666669;180.0;158;0
STEP: 113.33333333333336;180.0;159;0
STEP: 116.00000000000003;180.0;160;0
STEP: 118.6666666666667;180.0;161;0
STEP: 121.33333333333337;180.0;162;0
STEP: 124.00000000000004;180.0;163;0
STEP: 126.66666666666671;180.0;164;0
STEP: 129.33333333333337;180.0;165;0
STEP: 132.00000000000003;180.0;166;0
STEP: 134.66666666666669;180.0;167;0
STEP: 137.33333333333334;180.0;168;0
STEP: 140.0;180.0;169;0
STEP: 142.66666666666666;180.0;170;0
STEP: 145.33333333333331;180.0;171;0
STEP: 147.99999999999997;180.0;172;0
STEP: 150.66666666666663;180.0;173;0
STEP: 153.3333333333333;180.0;174;0
STEP: 155.99999999999994;180.0;175;0
STEP: 158.6666666666666;180.0;176;0
STEP: 161.33333333333326;180.0;177;0
STEP: 163.99999999999991;180.0;178;0
STEP: 166.66666666666657;180.0;179;0
STEP: 169.33333333333323;180.0;180;0
STEP: 171.9999999999999;180.0;181;0
STEP: 174.66666666666654;180.0;182;0
STEP: 177.3333333333332;180.0;183;0
STEP: 179.99999999999986;180.0;184;0
STEP: 182.66666666666652;180.0;185;0
STEP: 185.33333333333317;180.0;186;0
STEP: 187.99999999999983;180.0;187;0
STEP: 190.6666666666665;180.0;188;0
STEP: 193.33333333333314;180.0;189;0
STEP: 195.9999999999998;180.0;190;0
STEP: 198.66666666666646;180.0;191;0
STEP: 201.33333333333312;180.0;192;0
STEP: 203.99999999999977;180.0;193;0
STEP: 206.66666666666643;180.0;194;0
STEP: 209.3333333333331;180.0;195;0
STEP: 211.99999999999974;180.0;196;0
STEP: 214.6666666666664;180.0;197;0
STEP: 217.33333333333306;180.0;198;0
STEP: 219.99999999999972;180.0;199;0
STEP: 222.66666666666637;180.0;200;0
STEP: 225.33333333333303;180.0;201;0
STEP: 227.9999999999997;180.0;202;0
STEP: 230.66666666666634;180.0;203;0
STEP: 233.333333333333;180.0;204;0
STEP: 235.99999999999966;180.0;205;0
STEP: 238.66666666666632;180.0;206;0
STEP: 241.33333333333297;180.0;207;0
STEP: 243.99999999999963;180.0;208;0
STEP: 246.6666666666663;180.0;209;0
STEP: 249.33333333333294;180.0;210;0
STEP: 251.9999999999996;180.0;211;0
STEP: 254.66666666666626;180.0;212;0
STEP: 257.3333333333329;180.0;213;0
STEP: 259.9999999999996;180.0;214;0
STEP: 262.6666666666663;180.0;215;0
STEP: 265.333333333333;180.0;216;0
STEP: 267.99999999999966;180.0;217;0
NEW DIRECTION: Malczyce;Sroda Slaska;218;160
STEP: 270.0;180.0;218;0
STEP: 272.4368307963207;181.08303590947585;219;0
STEP: 274.8736615926414;182.1660718189517;220;0
STEP: 277.3104923889621;183.24910772842756;221;0
STEP: 279.74732318528277;184.3321436379034;222;0
STEP: 282.18415398160346;185.41517954737927;223;0
STEP: 284.62098477792415;186.49821545685512;224;0
STEP: 287.05781557424484;187.58125136633097;225;0
STEP: 289.49464637056553;188.66428727580683;226;0
STEP: 291.9314771668862;189.74732318528268;227;0
STEP: 294.3683079632069;190.83035909475853;228;0
STEP: 296.8051387595276;191.9133950042344;229;0
STEP: 299.2419695558483;192.99643091371024;230;0
STEP: 301.678800352169;194.0794668231861;231;0
STEP: 304.1156311484897;195.16250273266195;232;0
STEP: 306.5524619448104;196.2455386421378;233;0
STEP: 308.98929274113107;197.32857455161366;234;0
STEP: 311.42612353745176;198.4116104610895;235;0
STEP: 313.86295433377245;199.49464637056536;236;0
STEP: 316.29978513009314;200.57768228004122;237;0
STEP: 318.73661592641383;201.66071818951707;238;0
STEP: 321.1734467227345;202.74375409899292;239;0
STEP: 323.6102775190552;203.82679000846878;240;0
STEP: 326.0471083153759;204.90982591794463;241;0
STEP: 328.4839391116966;205.99286182742048;242;0
STEP: 330.9207699080173;207.07589773689634;243;0
STEP: 333.357600704338;208.1589336463722;244;0
STEP: 335.7944315006587;209.24196955584804;245;0
STEP: 338.23126229697937;210.3250054653239;246;0
STEP: 340.66809309330006;211.40804137479975;247;0
STEP: 343.10492388962075;212.4910772842756;248;0
STEP: 345.54175468594144;213.57411319375146;249;0
STEP: 347.97858548226213;214.6571491032273;250;0
STEP: 350.4154162785828;215.74018501270317;251;0
STEP: 352.8522470749035;216.82322092217902;252;0
STEP: 355.2890778712242;217.90625683165487;253;0
STEP: 357.7259086675449;218.98929274113073;254;0
NEW DIRECTION: Sroda Slaska;Wroclaw;255;160
STEP: 360.0;220.0;255;0
STEP: 362.6074731042064;220.55874423661567;256;0
STEP: 365.2149462084128;221.11748847323133;257;0
STEP: 367.8224193126192;221.676232709847;258;0
STEP: 370.4298924168256;222.23497694646267;259;0
STEP: 373.03736552103203;222.79372118307833;260;0
STEP: 375.64483862523844;223.352465419694;261;0
STEP: 378.25231172944484;223.91120965630967;262;0
STEP: 380.85978483365125;224.46995389292533;263;0
STEP: 383.46725793785765;225.028698129541;264;0
STEP: 386.07473104206406;225.58744236615667;265;0
STEP: 388.68220414627046;226.14618660277233;266;0
STEP: 391.28967725047687;226.704930839388;267;0
STEP: 393.8971503546833;227.26367507600366;268;0
STEP: 396.5046234588897;227.82241931261933;269;0
STEP: 399.1120965630961;228.381163549235;270;0
STEP: 401.7195696673025;228.93990778585066;271;0
STEP: 404.3270427715089;229.49865202246633;272;0
STEP: 406.9345158757153;230.057396259082;273;0
STEP: 409.5419889799217;230.61614049569766;274;0
STEP: 412.1494620841281;231.17488473231333;275;0
STEP: 414.7569351883345;231.733628968929;276;0
STEP: 417.36440829254093;232.29237320554466;277;0
STEP: 419.97188139674734;232.85111744216033;278;0
STEP: 422.57935450095374;233.409861678776;279;0
STEP: 425.18682760516015;233.96860591539166;280;0
STEP: 427.79430070936655;234.52735015200733;281;0
STEP: 430.40177381357296;235.086094388623;282;0
STEP: 433.00924691777936;235.64483862523866;283;0
STEP: 435.61672002198577;236.20358286185433;284;0
STEP: 438.2241931261922;236.76232709847;285;0
STEP: 440.8316662303986;237.32107133508566;286;0
STEP: 443.439139334605;237.87981557170133;287;0
STEP: 446.0466124388114;238.438559808317;288;0
STEP: 448.6540855430178;238.99730404493266;289;0
STEP: 451.2615586472242;239.55604828154833;290;0
STEP: 453.8690317514306;240.114792518164;291;0
STEP: 456.476504855637;240.67353675477966;292;0
STEP: 459.0839779598434;241.23228099139533;293;0
STEP: 461.69145106404983;241.791025228011;294;0
STEP: 464.29892416825624;242.34976946462666;295;0
STEP: 466.90639727246264;242.90851370124233;296;0
STEP: 469.51387037666905;243.467257937858;297;0
STEP: 472.12134348087545;244.02600217447366;298;0
STEP: 474.72881658508186;244.58474641108933;299;0
STEP: 477.33628968928826;245.143490647705;300;0
STEP: 479.94376279349467;245.70223488432066;301;0
STEP: 482.5512358977011;246.26097912093633;302;0
STEP: 485.1587090019075;246.819723357552;303;0
STEP: 487.7661821061139;247.37846759416766;304;0
STEP: 490.3736552103203;247.93721183078333;305;0
STEP: 492.9811283145267;248.495956067399;306;0
STEP: 495.5886014187331;249.05470030401466;307;0
STEP: 498.1960745229395;249.61344454063033;308;0
(!) END OF ROUTE: 34;309;275;Wroclaw
