START: Legnica;Wroclaw;9;160;49;-1
STEP: 102.62674791241521;180.45968088467265;0;0
STEP: 105.25349582483042;180.9193617693453;1;0
STEP: 107.88024373724564;181.37904265401795;2;0
STEP: 110.50699164966085;181.8387235386906;3;0
STEP: 113.13373956207606;182.29840442336325;4;0
STEP: 115.76048747449127;182.7580853080359;5;0
STEP: 118.38723538690648;183.21776619270855;6;0
STEP: 121.0139832993217;183.6774470773812;7;0
STEP: 123.6407312117369;184.13712796205385;8;0
STEP: 126.26747912415212;184.5968088467265;9;0
STEP: 128.89422703656732;185.05648973139915;10;0
STEP: 131.5209749489825;185.5161706160718;11;0
STEP: 134.1477228613977;185.97585150074445;12;0
STEP: 136.7744707738129;186.4355323854171;13;0
STEP: 139.4012186862281;186.89521327008976;14;0
STEP: 142.0279665986433;187.3548941547624;15;0
STEP: 144.6547145110585;187.81457503943506;16;0
STEP: 147.2814624234737;188.2742559241077;17;0
STEP: 149.9082103358889;188.73393680878036;18;0
STEP: 152.5349582483041;189.193617693453;19;0
STEP: 155.1617061607193;189.65329857812566;20;0
STEP: 157.7884540731345;190.1129794627983;21;0
STEP: 160.4152019855497;190.57266034747096;22;0
STEP: 163.04194989796488;191.0323412321436;23;0
STEP: 165.66869781038008;191.49202211681626;24;0
STEP: 168.29544572279528;191.9517030014889;25;0
STEP: 170.92219363521048;192.41138388616156;26;0
STEP: 173.54894154762567;192.8710647708342;27;0
STEP: 176.17568946004087;193.33074565550686;28;0
STEP: 178.80243737245607;193.7904265401795;29;0
STEP: 181.42918528487127;194.25010742485216;30;0
STEP: 184.05593319728646;194.7097883095248;31;0
STEP: 186.68268110970166;195.16946919419746;32;0
STEP: 189.30942902211686;195.6291500788701;33;0
STEP: 191.93617693453206;196.08883096354276;34;0
STEP: 194.56292484694725;196.5485118482154;35;0
STEP: 197.18967275936245;197.00819273288806;36;0
STEP: 199.81642067177765;197.4678736175607;37;0
STEP: 202.44316858419285;197.92755450223336;38;0
STEP: 205.06991649660804;198.387235386906;39;0
STEP: 207.69666440902324;198.84691627157866;40;0
STEP: 210.32341232143844;199.3065971562513;41;0
STEP: 212.95016023385364;199.76627804092396;42;0
STEP: 215.57690814626883;200.22595892559661;43;0
STEP: 218.20365605868403;200.68563981026927;44;0
STEP: 220.83040397109923;201.14532069494192;45;0
STEP: 223.45715188351443;201.60500157961457;46;0
STEP: 226.08389979592963;202.06468246428722;47;0
STEP: 228.71064770834482;202.52436334895987;48;0
STEP: 231.33739562076002;202.98404423363252;49;0
STEP: 233.96414353317522;203.44372511830517;50;0
STEP: 236.59089144559042;203.90340600297782;51;0
STEP: 239.2176393580056;204.36308688765047;52;0
STEP: 241.8443872704208;204.82276777232312;53;0
STEP: 244.471135182836;205.28244865699577;54;0
STEP: 247.0978830952512;205.74212954166842;55;0
STEP: 249.7246310076664;206.20181042634107;56;0
STEP: 252.3513789200816;206.66149131101372;57;0
STEP: 254.9781268324968;207.12117219568637;58;0
STEP: 257.604874744912;207.58085308035902;59;0
STEP: 260.23162265732725;208.04053396503167;60;0
STEP: 262.8583705697425;208.50021484970432;61;0
STEP: 265.4851184821577;208.95989573437697;62;0
STEP: 268.1118663945729;209.41957661904962;63;0
STEP: 270.73861430698815;209.87925750372227;64;0
STEP: 273.3653622194034;210.33893838839492;65;0
STEP: 275.9921101318186;210.79861927306757;66;0
STEP: 278.61885804423383;211.25830015774022;67;0
STEP: 281.24560595664906;211.71798104241287;68;0
STEP: 283.8723538690643;212.17766192708552;69;0
STEP: 286.4991017814795;212.63734281175817;70;0
STEP: 289.12584969389474;213.09702369643082;71;0
STEP: 291.75259760630996;213.55670458110347;72;0
STEP: 294.3793455187252;214.01638546577612;73;0
STEP: 297.0060934311404;214.47606635044878;74;0
STEP: 299.63284134355564;214.93574723512143;75;0
STEP: 302.25958925597087;215.39542811979408;76;0
STEP: 304.8863371683861;215.85510900446673;77;0
STEP: 307.5130850808013;216.31478988913938;78;0
STEP: 310.13983299321654;216.77447077381203;79;0
STEP: 312.76658090563177;217.23415165848468;80;0
STEP: 315.393328818047;217.69383254315733;81;0
STEP: 318.0200767304622;218.15351342782998;82;0
STEP: 320.64682464287745;218.61319431250263;83;0
STEP: 323.2735725552927;219.07287519717528;84;0
STEP: 325.9003204677079;219.53255608184793;85;0
STEP: 328.5270683801231;219.99223696652058;86;0
STEP: 331.15381629253835;220.45191785119323;87;0
STEP: 333.7805642049536;220.91159873586588;88;0
STEP: 336.4073121173688;221.37127962053853;89;0
STEP: 339.03406002978403;221.83096050521118;90;0
STEP: 341.66080794219926;222.29064138988383;91;0
STEP: 344.2875558546145;222.75032227455648;92;0
STEP: 346.9143037670297;223.21000315922913;93;0
STEP: 349.54105167944493;223.66968404390178;94;0
STEP: 352.16779959186016;224.12936492857443;95;0
STEP: 354.7945475042754;224.58904581324708;96;0
STEP: 357.4212954166906;225.04872669791973;97;0
STEP: 360.04804332910584;225.50840758259238;98;0
STEP: 362.67479124152106;225.96808846726503;99;0
STEP: 365.3015391539363;226.42776935193768;100;0
STEP: 367.9282870663515;226.88745023661033;101;0
STEP: 370.55503497876674;227.34713112128298;102;0
STEP: 373.18178289118197;227.80681200595563;103;0
STEP: 375.8085308035972;228.26649289062829;104;0
STEP: 378.4352787160124;228.72617377530094;105;0
STEP: 381.06202662842765;229.1858546599736;106;0
STEP: 383.68877454084287;229.64553554464624;107;0
STEP: 386.3155224532581;230.1052164293189;108;0
STEP: 388.9422703656733;230.56489731399154;109;0
STEP: 391.56901827808855;231.0245781986642;110;0
STEP: 394.1957661905038;231.48425908333684;111;0
STEP: 396.822514102919;231.9439399680095;112;0
STEP: 399.4492620153342;232.40362085268214;113;0
STEP: 402.07600992774945;232.8633017373548;114;0
STEP: 404.7027578401647;233.32298262202744;115;0
STEP: 407.3295057525799;233.7826635067001;116;0
STEP: 409.95625366499513;234.24234439137274;117;0
STEP: 412.58300157741036;234.7020252760454;118;0
STEP: 415.2097494898256;235.16170616071804;119;0
STEP: 417.8364974022408;235.6213870453907;120;0
STEP: 420.46324531465604;236.08106793006334;121;0
STEP: 423.08999322707126;236.540748814736;122;0
STEP: 425.7167411394865;237.00042969940864;123;0
STEP: 428.3434890519017;237.4601105840813;124;0
STEP: 430.97023696431694;237.91979146875394;125;0
STEP: 433.59698487673217;238.3794723534266;126;0
STEP: 436.2237327891474;238.83915323809924;127;0
STEP: 438.8504807015626;239.2988341227719;128;0
STEP: 441.47722861397784;239.75851500744454;129;0
STEP: 444.10397652639307;240.2181958921172;130;0
STEP: 446.7307244388083;240.67787677678984;131;0
STEP: 449.3574723512235;241.1375576614625;132;0
STEP: 451.98422026363875;241.59723854613515;133;0
STEP: 454.610968176054;242.0569194308078;134;0
STEP: 457.2377160884692;242.51660031548045;135;0
STEP: 459.8644640008844;242.9762812001531;136;0
STEP: 462.49121191329965;243.43596208482575;137;0
STEP: 465.1179598257149;243.8956429694984;138;0
STEP: 467.7447077381301;244.35532385417105;139;0
STEP: 470.37145565054533;244.8150047388437;140;0
STEP: 472.99820356296055;245.27468562351635;141;0
STEP: 475.6249514753758;245.734366508189;142;0
STEP: 478.251699387791;246.19404739286165;143;0
STEP: 480.87844730020623;246.6537282775343;144;0
STEP: 483.50519521262146;247.11340916220695;145;0
STEP: 486.1319431250367;247.5730900468796;146;0
STEP: 488.7586910374519;248.03277093155225;147;0
STEP: 491.38543894986714;248.4924518162249;148;0
STEP: 494.01218686228236;248.95213270089755;149;0
STEP: 496.6389347746976;249.4118135855702;150;0
STEP: 499.2656826871128;249.87149447024285;151;0
NEW DIRECTION: Wroclaw;Sroda Slaska;152;160
STEP: 500.0;250.0;152;0
STEP: 497.3925268957936;249.44125576338433;153;0
STEP: 494.7850537915872;248.88251152676867;154;0
STEP: 492.1775806873808;248.323767290153;155;0
STEP: 489.5701075831744;247.76502305353733;156;0
STEP: 486.96263447896797;247.20627881692167;157;0
STEP: 484.35516137476156;246.647534580306;158;0
STEP: 481.74768827055516;246.08879034369033;159;0
STEP: 479.14021516634875;245.53004610707467;160;0
STEP: 476.53274206214235;244.971301870459;161;0
STEP: 473.92526895793594;244.41255763384333;162;0
STEP: 471.31779585372954;243.85381339722767;163;0
STEP: 468.71032274952313;243.295069160612;164;0
STEP: 466.1028496453167;242.73632492399634;165;0
STEP: 463.4953765411103;242.17758068738067;166;0
STEP: 460.8879034369039;241.618836450765;167;0
STEP: 458.2804303326975;241.06009221414934;168;0
STEP: 455.6729572284911;240.50134797753367;169;0
STEP: 453.0654841242847;239.942603740918;170;0
STEP: 450.4580110200783;239.38385950430234;171;0
STEP: 447.8505379158719;238.82511526768667;172;0
STEP: 445.2430648116655;238.266371031071;173;0
STEP: 442.63559170745907;237.70762679445534;174;0
STEP: 440.02811860325266;237.14888255783967;175;0
STEP: 437.42064549904626;236.590138321224;176;0
STEP: 434.81317239483985;236.03139408460834;177;0
STEP: 432.20569929063345;235.47264984799267;178;0
STEP: 429.59822618642704;234.913905611377;179;0
STEP: 426.99075308222064;234.35516137476134;180;0
STEP: 424.38327997801423;233.79641713814567;181;0
STEP: 421.7758068738078;233.23767290153;182;0
STEP: 419.1683337696014;232.67892866491434;183;0
STEP: 416.560860665395;232.12018442829867;184;0
STEP: 413.9533875611886;231.561440191683;185;0
STEP: 411.3459144569822;231.00269595506734;186;0
STEP: 408.7384413527758;230.44395171845167;187;0
STEP: 406.1309682485694;229.885207481836;188;0
STEP: 403.523495144363;229.32646324522034;189;0
STEP: 400.9160220401566;228.76771900860467;190;0
STEP: 398.30854893595017;228.208974771989;191;0
STEP: 395.70107583174376;227.65023053537334;192;0
STEP: 393.09360272753736;227.09148629875767;193;0
STEP: 390.48612962333095;226.532742062142;194;0
STEP: 387.87865651912455;225.97399782552634;195;0
STEP: 385.27118341491814;225.41525358891067;196;0
STEP: 382.66371031071174;224.856509352295;197;0
STEP: 380.05623720650533;224.29776511567934;198;0
STEP: 377.4487641022989;223.73902087906367;199;0
STEP: 374.8412909980925;223.180276642448;200;0
STEP: 372.2338178938861;222.62153240583234;201;0
STEP: 369.6263447896797;222.06278816921667;202;0
STEP: 367.0188716854733;221.504043932601;203;0
STEP: 364.4113985812669;220.94529969598534;204;0
STEP: 361.8039254770605;220.38655545936967;205;0
NEW DIRECTION: Sroda Slaska;Malczyce;206;160
STEP: 360.0;220.0;206;0
STEP: 357.5631692036793;218.91696409052415;207;0
STEP: 355.1263384073586;217.8339281810483;208;0
STEP: 352.6895076110379;216.75089227157244;209;0
STEP: 350.25267681471723;215.6678563620966;210;0
STEP: 347.81584601839654;214.58482045262073;211;0
STEP: 345.37901522207585;213.50178454314488;212;0
STEP: 342.94218442575516;212.41874863366903;213;0
STEP: 340.50535362943447;211.33571272419317;214;0
STEP: 338.0685228331138;210.25267681471732;215;0
STEP: 335.6316920367931;209.16964090524147;216;0
STEP: 333.1948612404724;208.0866049957656;217;0
STEP: 330.7580304441517;207.00356908628976;218;0
STEP: 328.321199647831;205.9205331768139;219;0
STEP: 325.8843688515103;204.83749726733805;220;0
STEP: 323.4475380551896;203.7544613578622;221;0
STEP: 321.01070725886893;202.67142544838634;222;0
STEP: 318.57387646254824;201.5883895389105;223;0
STEP: 316.13704566622755;200.50535362943464;224;0
STEP: 313.70021486990686;199.42231771995878;225;0
STEP: 311.26338407358617;198.33928181048293;226;0
STEP: 308.8265532772655;197.25624590100708;227;0
STEP: 306.3897224809448;196.17320999153122;228;0
STEP: 303.9528916846241;195.09017408205537;229;0
STEP: 301.5160608883034;194.00713817257952;230;0
STEP: 299.0792300919827;192.92410226310366;231;0
STEP: 296.642399295662;191.8410663536278;232;0
STEP: 294.2055684993413;190.75803044415196;233;0
STEP: 291.76873770302063;189.6749945346761;234;0
STEP: 289.33190690669994;188.59195862520025;235;0
STEP: 286.89507611037925;187.5089227157244;236;0
STEP: 284.45824531405856;186.42588680624854;237;0
STEP: 282.02141451773787;185.3428508967727;238;0
STEP: 279.5845837214172;184.25981498729683;239;0
STEP: 277.1477529250965;183.17677907782098;240;0
STEP: 274.7109221287758;182.09374316834513;241;0
STEP: 272.2740913324551;181.01070725886927;242;0
NEW DIRECTION: Malczyce;Legnica;243;160
STEP: 270.0;180.0;243;0
STEP: 267.3333333333333;180.0;244;0
STEP: 264.66666666666663;180.0;245;0
STEP: 261.99999999999994;180.0;246;0
STEP: 259.33333333333326;180.0;247;0
STEP: 256.6666666666666;180.0;248;0
STEP: 253.99999999999991;180.0;249;0
STEP: 251.33333333333326;180.0;250;0
STEP: 248.6666666666666;180.0;251;0
STEP: 245.99999999999994;180.0;252;0
STEP: 243.3333333333333;180.0;253;0
STEP: 240.66666666666663;180.0;254;0
STEP: 237.99999999999997;180.0;255;0
STEP: 235.33333333333331;180.0;256;0
STEP: 232.66666666666666;180.0;257;0
STEP: 230.0;180.0;258;0
STEP: 227.33333333333334;180.0;259;0
STEP: 224.66666666666669;180.0;260;0
STEP: 222.00000000000003;180.0;261;0
STEP: 219.33333333333337;180.0;262;0
STEP: 216.6666666666667;180.0;263;0
STEP: 214.00000000000006;180.0;264;0
STEP: 211.3333333333334;180.0;265;0
STEP: 208.66666666666674;180.0;266;0
STEP: 206.00000000000009;180.0;267;0
STEP: 203.33333333333343;180.0;268;0
STEP: 200.66666666666677;180.0;269;0
STEP: 198.0000000000001;180.0;270;0
STEP: 195.33333333333346;180.0;271;0
STEP: 192.6666666666668;180.0;272;0
STEP: 190.00000000000014;180.0;273;0
STEP: 187.33333333333348;180.0;274;0
STEP: 184.66666666666683;180.0;275;0
STEP: 182.00000000000017;180.0;276;0
STEP: 179.3333333333335;180.0;277;0
STEP: 176.66666666666686;180.0;278;0
STEP: 174.0000000000002;180.0;279;0
STEP: 171.33333333333354;180.0;280;0
STEP: 168.66666666666688;180.0;281;0
STEP: 166.00000000000023;180.0;282;0
STEP: 163.33333333333357;180.0;283;0
STEP: 160.6666666666669;180.0;284;0
STEP: 158.00000000000026;180.0;285;0
STEP: 155.3333333333336;180.0;286;0
STEP: 152.66666666666694;180.0;287;0
STEP: 150.00000000000028;180.0;288;0
STEP: 147.33333333333363;180.0;289;0
STEP: 144.66666666666697;180.0;290;0
STEP: 142.0000000000003;180.0;291;0
STEP: 139.33333333333366;180.0;292;0
STEP: 136.666666666667;180.0;293;0
STEP: 134.00000000000034;180.0;294;0
STEP: 131.33333333333368;180.0;295;0
STEP: 128.66666666666703;180.0;296;0
STEP: 126.00000000000036;180.0;297;0
STEP: 123.33333333333368;180.0;298;0
STEP: 120.66666666666701;180.0;299;0
STEP: 118.00000000000034;180.0;300;0
STEP: 115.33333333333367;180.0;301;0
STEP: 112.666666666667;180.0;302;0
STEP: 110.00000000000033;180.0;303;0
STEP: 107.33333333333366;180.0;304;0
STEP: 104.66666666666698;180.0;305;0
STEP: 102.00000000000031;180.0;306;0
NEW DIRECTION: Legnica;Sroda Slaska;307;160
STEP: 100.0;180.0;307;0
STEP: 102.63565786040165;180.40548582467719;308;0
STEP: 105.2713157208033;180.81097164935437;309;0
STEP: 107.90697358120495;181.21645747403156;310;0
STEP: 110.5426314416066;181.62194329870874;311;0
STEP: 113.17828930200825;182.02742912338593;312;0
STEP: 115.8139471624099;182.43291494806311;313;0
STEP: 118.44960502281155;182.8384007727403;314;0
STEP: 121.0852628832132;183.2438865974175;315;0
STEP: 123.72092074361485;183.64937242209467;316;0
STEP: 126.3565786040165;184.05485824677186;317;0
STEP: 128.99223646441814;184.46034407144904;318;0
STEP: 131.62789432481978;184.86582989612623;319;0
STEP: 134.2635521852214;185.27131572080341;320;0
STEP: 136.89921004562305;185.6768015454806;321;0
STEP: 139.5348679060247;186.0822873701578;322;0
STEP: 142.17052576642632;186.48777319483497;323;0
STEP: 144.80618362682796;186.89325901951216;324;0
STEP: 147.4418414872296;187.29874484418934;325;0
STEP: 150.07749934763123;187.70423066886653;326;0
STEP: 152.71315720803287;188.10971649354371;327;0
STEP: 155.3488150684345;188.5152023182209;328;0
STEP: 157.98447292883614;188.9206881428981;329;0
STEP: 160.62013078923778;189.32617396757527;330;0
STEP: 163.2557886496394;189.73165979225246;331;0
STEP: 165.89144651004105;190.13714561692964;332;0
STEP: 168.5271043704427;190.54263144160683;333;0
STEP: 171.16276223084432;190.94811726628402;334;0
STEP: 173.79842009124596;191.3536030909612;335;0
STEP: 176.4340779516476;191.7590889156384;336;0
STEP: 179.06973581204923;192.16457474031557;337;0
STEP: 181.70539367245087;192.57006056499276;338;0
STEP: 184.3410515328525;192.97554638966994;339;0
STEP: 186.97670939325414;193.38103221434713;340;0
STEP: 189.61236725365578;193.78651803902432;341;0
STEP: 192.2480251140574;194.1920038637015;342;0
STEP: 194.88368297445905;194.5974896883787;343;0
STEP: 197.51934083486069;195.00297551305587;344;0
STEP: 200.15499869526232;195.40846133773306;345;0
STEP: 202.79065655566396;195.81394716241024;346;0
STEP: 205.4263144160656;196.21943298708743;347;0
STEP: 208.06197227646723;196.62491881176462;348;0
STEP: 210.69763013686887;197.0304046364418;349;0
STEP: 213.3332879972705;197.435890461119;350;0
STEP: 215.96894585767214;197.84137628579617;351;0
STEP: 218.60460371807378;198.24686211047336;352;0
STEP: 221.2402615784754;198.65234793515054;353;0
STEP: 223.87591943887705;199.05783375982773;354;0
STEP: 226.51157729927868;199.46331958450492;355;0
STEP: 229.14723515968032;199.8688054091821;356;0
STEP: 231.78289302008196;200.2742912338593;357;0
STEP: 234.4185508804836;200.67977705853647;358;0
STEP: 237.05420874088523;201.08526288321366;359;0
STEP: 239.68986660128687;201.49074870789084;360;0
STEP: 242.3255244616885;201.89623453256803;361;0
STEP: 244.96118232209014;202.30172035724522;362;0
STEP: 247.59684018249177;202.7072061819224;363;0
STEP: 250.2324980428934;203.1126920065996;364;0
STEP: 252.86815590329505;203.51817783127677;365;0
STEP: 255.50381376369668;203.92366365595396;366;0
STEP: 258.13947162409835;204.32914948063114;367;0
STEP: 260.7751294845;204.73463530530833;368;0
STEP: 263.4107873449016;205.14012112998552;369;0
STEP: 266.04644520530326;205.5456069546627;370;0
STEP: 268.6821030657049;205.9510927793399;371;0
STEP: 271.31776092610653;206.35657860401707;372;0
STEP: 273.95341878650817;206.76206442869426;373;0
STEP: 276.5890766469098;207.16755025337145;374;0
STEP: 279.22473450731144;207.57303607804863;375;0
STEP: 281.8603923677131;207.97852190272582;376;0
STEP: 284.4960502281147;208.384007727403;377;0
STEP: 287.13170808851635;208.7894935520802;378;0
STEP: 289.767365948918;209.19497937675737;379;0
STEP: 292.4030238093196;209.60046520143456;380;0
STEP: 295.03868166972126;210.00595102611175;381;0
STEP: 297.6743395301229;210.41143685078893;382;0
STEP: 300.30999739052453;210.81692267546612;383;0
STEP: 302.94565525092617;211.2224085001433;384;0
STEP: 305.5813131113278;211.6278943248205;385;0
STEP: 308.21697097172944;212.03338014949767;386;0
STEP: 310.8526288321311;212.43886597417486;387;0
STEP: 313.4882866925327;212.84435179885205;388;0
STEP: 316.12394455293435;213.24983762352923;389;0
STEP: 318.759602413336;213.65532344820642;390;0
STEP: 321.3952602737376;214.0608092728836;391;0
STEP: 324.03091813413926;214.4662950975608;392;0
STEP: 326.6665759945409;214.87178092223797;393;0
STEP: 329.30223385494253;215.27726674691516;394;0
STEP: 331.93789171534416;215.68275257159235;395;0
STEP: 334.5735495757458;216.08823839626953;396;0
STEP: 337.20920743614744;216.49372422094672;397;0
STEP: 339.8448652965491;216.8992100456239;398;0
STEP: 342.4805231569507;217.3046958703011;399;0
STEP: 345.11618101735235;217.71018169497827;400;0
STEP: 347.751838877754;218.11566751965546;401;0
STEP: 350.3874967381556;218.52115334433265;402;0
STEP: 353.02315459855726;218.92663916900983;403;0
STEP: 355.6588124589589;219.33212499368702;404;0
STEP: 358.2944703193605;219.7376108183642;405;0
NEW DIRECTION: Sroda Slaska;Wroclaw;406;160
STEP: 360.0;220.0;406;0
STEP: 362.6074731042064;220.55874423661567;407;0
STEP: 365.2149462084128;221.11748847323133;408;0
STEP: 367.8224193126192;221.676232709847;409;0
STEP: 370.4298924168256;222.23497694646267;410;0
STEP: 373.03736552103203;222.79372118307833;411;0
STEP: 375.64483862523844;223.352465419694;412;0
STEP: 378.25231172944484;223.91120965630967;413;0
STEP: 380.85978483365125;224.46995389292533;414;0
STEP: 383.46725793785765;225.028698129541;415;0
STEP: 386.07473104206406;225.58744236615667;416;0
STEP: 388.68220414627046;226.14618660277233;417;0
STEP: 391.28967725047687;226.704930839388;418;0
STEP: 393.8971503546833;227.26367507600366;419;0
STEP: 396.5046234588897;227.82241931261933;420;0
STEP: 399.1120965630961;228.381163549235;421;0
STEP: 401.7195696673025;228.93990778585066;422;0
STEP: 404.3270427715089;229.49865202246633;423;0
STEP: 406.9345158757153;230.057396259082;424;0
STEP: 409.5419889799217;230.61614049569766;425;0
STEP: 412.1494620841281;231.17488473231333;426;0
STEP: 414.7569351883345;231.733628968929;427;0
STEP: 417.36440829254093;232.29237320554466;428;0
STEP: 419.97188139674734;232.85111744216033;429;0
STEP: 422.57935450095374;233.409861678776;430;0
STEP: 425.18682760516015;233.96860591539166;431;0
STEP: 427.79430070936655;234.52735015200733;432;0
STEP: 430.40177381357296;235.086094388623;433;0
STEP: 433.00924691777936;235.64483862523866;434;0
STEP: 435.61672002198577;236.20358286185433;435;0
STEP: 438.2241931261922;236.76232709847;436;0
STEP: 440.8316662303986;237.32107133508566;437;0
STEP: 443.439139334605;237.87981557170133;438;0
STEP: 446.0466124388114;238.438559808317;439;0
STEP: 448.6540855430178;238.99730404493266;440;0
STEP: 451.2615586472242;239.55604828154833;441;0
STEP: 453.8690317514306;240.114792518164;442;0
STEP: 456.476504855637;240.67353675477966;443;0
STEP: 459.0839779598434;241.23228099139533;444;0
STEP: 461.69145106404983;241.791025228011;445;0
STEP: 464.29892416825624;242.34976946462666;446;0
STEP: 466.90639727246264;242.90851370124233;447;0
STEP: 469.51387037666905;243.467257937858;448;0
STEP: 472.12134348087545;244.02600217447366;449;0
STEP: 474.72881658508186;244.58474641108933;450;0
STEP: 477.33628968928826;245.143490647705;451;0
STEP: 479.94376279349467;245.70223488432066;452;0
STEP: 482.5512358977011;246.26097912093633;453;0
STEP: 485.1587090019075;246.819723357552;454;0
STEP: 487.7661821061139;247.37846759416766;455;0
STEP: 490.3736552103203;247.93721183078333;456;0
STEP: 492.9811283145267;248.495956067399;457;0
STEP: 495.5886014187331;249.05470030401466;458;0
STEP: 498.1960745229395;249.61344454063033;459;0
(!) END OF ROUTE: 49;460;411;Wroclaw
