START: Walbrzych;Wroclaw;0;160;47;-1
STEP: 182.26132881068023;448.58666949332485;0;0
STEP: 184.52265762136045;447.1733389866497;1;0
STEP: 186.78398643204068;445.76000847997454;2;0
STEP: 189.0453152427209;444.3466779732994;3;0
STEP: 191.30664405340113;442.93334746662424;4;0
STEP: 193.56797286408136;441.5200169599491;5;0
STEP: 195.82930167476158;440.10668645327394;6;0
STEP: 198.0906304854418;438.6933559465988;7;0
STEP: 200.35195929612203;437.28002543992363;8;0
STEP: 202.61328810680226;435.8666949332485;9;0
STEP: 204.87461691748248;434.45336442657333;10;0
STEP: 207.1359457281627;433.0400339198982;11;0
STEP: 209.39727453884294;431.626703413223;12;0
STEP: 211.65860334952316;430.2133729065479;13;0
STEP: 213.9199321602034;428.8000423998727;14;0
STEP: 216.1812609708836;427.38671189319757;15;0
STEP: 218.44258978156384;425.9733813865224;16;0
STEP: 220.70391859224407;424.56005087984727;17;0
STEP: 222.9652474029243;423.1467203731721;18;0
STEP: 225.22657621360452;421.73338986649696;19;0
STEP: 227.48790502428474;420.3200593598218;20;0
STEP: 229.74923383496497;418.90672885314666;21;0
STEP: 232.0105626456452;417.4933983464715;22;0
STEP: 234.27189145632542;416.08006783979636;23;0
STEP: 236.53322026700565;414.6667373331212;24;0
STEP: 238.79454907768587;413.25340682644605;25;0
STEP: 241.0558778883661;411.8400763197709;26;0
STEP: 243.31720669904632;410.42674581309575;27;0
STEP: 245.57853550972655;409.0134153064206;28;0
STEP: 247.83986432040678;407.60008479974545;29;0
STEP: 250.101193131087;406.1867542930703;30;0
STEP: 252.36252194176723;404.77342378639514;31;0
STEP: 254.62385075244745;403.36009327972;32;0
STEP: 256.8851795631277;401.94676277304484;33;0
STEP: 259.14650837380793;400.5334322663697;34;0
STEP: 261.4078371844882;399.12010175969453;35;0
STEP: 263.66916599516844;397.7067712530194;36;0
STEP: 265.9304948058487;396.29344074634423;37;0
STEP: 268.19182361652895;394.8801102396691;38;0
STEP: 270.4531524272092;393.4667797329939;39;0
STEP: 272.71448123788946;392.0534492263188;40;0
STEP: 274.9758100485697;390.6401187196436;41;0
STEP: 277.23713885924997;389.2267882129685;42;0
STEP: 279.4984676699302;387.8134577062933;43;0
STEP: 281.7597964806105;386.40012719961817;44;0
STEP: 284.02112529129073;384.986796692943;45;0
STEP: 286.282454101971;383.57346618626786;46;0
STEP: 288.54378291265124;382.1601356795927;47;0
STEP: 290.8051117233315;380.74680517291756;48;0
STEP: 293.06644053401175;379.3334746662424;49;0
STEP: 295.327769344692;377.92014415956726;50;0
STEP: 297.58909815537226;376.5068136528921;51;0
STEP: 299.8504269660525;375.09348314621695;52;0
STEP: 302.11175577673276;373.6801526395418;53;0
STEP: 304.373084587413;372.26682213286665;54;0
STEP: 306.6344133980933;370.8534916261915;55;0
STEP: 308.8957422087735;369.44016111951635;56;0
STEP: 311.1570710194538;368.0268306128412;57;0
STEP: 313.41839983013404;366.61350010616604;58;0
STEP: 315.6797286408143;365.2001695994909;59;0
STEP: 317.94105745149454;363.78683909281574;60;0
STEP: 320.2023862621748;362.3735085861406;61;0
STEP: 322.46371507285505;360.96017807946544;62;0
STEP: 324.7250438835353;359.5468475727903;63;0
STEP: 326.98637269421556;358.13351706611513;64;0
STEP: 329.2477015048958;356.72018655944;65;0
STEP: 331.50903031557607;355.30685605276483;66;0
STEP: 333.7703591262563;353.8935255460897;67;0
STEP: 336.0316879369366;352.4801950394145;68;0
STEP: 338.29301674761683;351.0668645327394;69;0
STEP: 340.5543455582971;349.6535340260642;70;0
STEP: 342.81567436897734;348.24020351938907;71;0
STEP: 345.0770031796576;346.8268730127139;72;0
STEP: 347.33833199033785;345.41354250603877;73;0
STEP: 349.5996608010181;344.0002119993636;74;0
STEP: 351.86098961169836;342.58688149268846;75;0
STEP: 354.1223184223786;341.1735509860133;76;0
STEP: 356.38364723305887;339.76022047933816;77;0
STEP: 358.6449760437391;338.346889972663;78;0
STEP: 360.9063048544194;336.93355946598786;79;0
STEP: 363.16763366509963;335.5202289593127;80;0
STEP: 365.4289624757799;334.10689845263755;81;0
STEP: 367.69029128646014;332.6935679459624;82;0
STEP: 369.9516200971404;331.28023743928725;83;0
STEP: 372.21294890782065;329.8669069326121;84;0
STEP: 374.4742777185009;328.45357642593694;85;0
STEP: 376.73560652918115;327.0402459192618;86;0
STEP: 378.9969353398614;325.62691541258664;87;0
STEP: 381.25826415054166;324.2135849059115;88;0
STEP: 383.5195929612219;322.80025439923634;89;0
STEP: 385.7809217719022;321.3869238925612;90;0
STEP: 388.0422505825824;319.97359338588603;91;0
STEP: 390.3035793932627;318.5602628792109;92;0
STEP: 392.56490820394293;317.14693237253573;93;0
STEP: 394.8262370146232;315.7336018658606;94;0
STEP: 397.08756582530344;314.3202713591854;95;0
STEP: 399.3488946359837;312.9069408525103;96;0
STEP: 401.61022344666395;311.4936103458351;97;0
STEP: 403.8715522573442;310.08027983915997;98;0
STEP: 406.13288106802446;308.6669493324848;99;0
STEP: 408.3942098787047;307.25361882580967;100;0
STEP: 410.65553868938497;305.8402883191345;101;0
STEP: 412.9168675000652;304.42695781245936;102;0
STEP: 415.1781963107455;303.0136273057842;103;0
STEP: 417.43952512142573;301.60029679910906;104;0
STEP: 419.700853932106;300.1869662924339;105;0
STEP: 421.96218274278624;298.77363578575876;106;0
STEP: 424.2235115534665;297.3603052790836;107;0
STEP: 426.48484036414675;295.94697477240845;108;0
STEP: 428.746169174827;294.5336442657333;109;0
STEP: 431.00749798550726;293.12031375905815;110;0
STEP: 433.2688267961875;291.706983252383;111;0
STEP: 435.53015560686777;290.29365274570785;112;0
STEP: 437.791484417548;288.8803222390327;113;0
STEP: 440.0528132282283;287.46699173235754;114;0
STEP: 442.3141420389085;286.0536612256824;115;0
STEP: 444.5754708495888;284.64033071900724;116;0
STEP: 446.83679966026904;283.2270002123321;117;0
STEP: 449.0981284709493;281.81366970565693;118;0
STEP: 451.35945728162955;280.4003391989818;119;0
STEP: 453.6207860923098;278.98700869230663;120;0
STEP: 455.88211490299005;277.5736781856315;121;0
STEP: 458.1434437136703;276.1603476789563;122;0
STEP: 460.40477252435056;274.7470171722812;123;0
STEP: 462.6661013350308;273.333686665606;124;0
STEP: 464.92743014571107;271.9203561589309;125;0
STEP: 467.1887589563913;270.5070256522557;126;0
STEP: 469.4500877670716;269.09369514558057;127;0
STEP: 471.71141657775183;267.6803646389054;128;0
STEP: 473.9727453884321;266.26703413223026;129;0
STEP: 476.23407419911234;264.8537036255551;130;0
STEP: 478.4954030097926;263.44037311887996;131;0
STEP: 480.75673182047285;262.0270426122048;132;0
STEP: 483.0180606311531;260.61371210552966;133;0
STEP: 485.27938944183336;259.2003815988545;134;0
STEP: 487.5407182525136;257.78705109217935;135;0
STEP: 489.80204706319387;256.3737205855042;136;0
STEP: 492.0633758738741;254.96039007882905;137;0
STEP: 494.3247046845544;253.5470595721539;138;0
STEP: 496.58603349523463;252.13372906547875;139;0
STEP: 498.8473623059149;250.7203985588036;140;0
NEW DIRECTION: Wroclaw;Katy Wroclawskie;141;160
STEP: 500.0;250.0;141;0
STEP: 497.4457965727436;250.76626102817693;142;0
STEP: 494.89159314548715;251.53252205635386;143;0
STEP: 492.3373897182307;252.29878308453078;144;0
STEP: 489.7831862909743;253.0650441127077;145;0
STEP: 487.2289828637179;253.83130514088464;146;0
STEP: 484.67477943646145;254.59756616906157;147;0
STEP: 482.120576009205;255.3638271972385;148;0
STEP: 479.5663725819486;256.1300882254154;149;0
STEP: 477.0121691546922;256.89634925359235;150;0
STEP: 474.45796572743575;257.6626102817693;151;0
STEP: 471.9037623001793;258.4288713099462;152;0
STEP: 469.3495588729229;259.19513233812313;153;0
STEP: 466.7953554456665;259.96139336630006;154;0
STEP: 464.24115201841005;260.727654394477;155;0
STEP: 461.6869485911536;261.4939154226539;156;0
STEP: 459.1327451638972;262.26017645083084;157;0
STEP: 456.5785417366408;263.02643747900777;158;0
STEP: 454.02433830938435;263.7926985071847;159;0
STEP: 451.4701348821279;264.5589595353616;160;0
STEP: 448.9159314548715;265.32522056353855;161;0
STEP: 446.3617280276151;266.0914815917155;162;0
STEP: 443.80752460035865;266.8577426198924;163;0
STEP: 441.2533211731022;267.62400364806933;164;0
STEP: 438.6991177458458;268.39026467624626;165;0
STEP: 436.1449143185894;269.1565257044232;166;0
STEP: 433.59071089133295;269.9227867326001;167;0
STEP: 431.0365074640765;270.68904776077704;168;0
STEP: 428.4823040368201;271.45530878895397;169;0
STEP: 425.92810060956367;272.2215698171309;170;0
STEP: 423.37389718230725;272.9878308453078;171;0
STEP: 420.8196937550508;273.75409187348475;172;0
STEP: 418.2654903277944;274.5203529016617;173;0
STEP: 415.71128690053797;275.2866139298386;174;0
STEP: 413.15708347328155;276.05287495801554;175;0
STEP: 410.6028800460251;276.81913598619246;176;0
STEP: 408.0486766187687;277.5853970143694;177;0
STEP: 405.49447319151227;278.3516580425463;178;0
STEP: 402.94026976425585;279.11791907072325;179;0
STEP: 400.3860663369994;279.8841800989002;180;0
NEW DIRECTION: Katy Wroclawskie;Jaworzyna Slaska;181;160
STEP: 400.0;280.0;181;0
STEP: 397.36434213959836;280.40548582467716;182;0
STEP: 394.7286842791967;280.8109716493543;183;0
STEP: 392.0930264187951;281.2164574740315;184;0
STEP: 389.45736855839345;281.62194329870863;185;0
STEP: 386.8217106979918;282.0274291233858;186;0
STEP: 384.1860528375902;282.43291494806294;187;0
STEP: 381.55039497718855;282.8384007727401;188;0
STEP: 378.9147371167869;283.24388659741726;189;0
STEP: 376.2790792563853;283.6493724220944;190;0
STEP: 373.64342139598364;284.0548582467716;191;0
STEP: 371.007763535582;284.46034407144873;192;0
STEP: 368.37210567518036;284.8658298961259;193;0
STEP: 365.7364478147787;285.27131572080305;194;0
STEP: 363.1007899543771;285.6768015454802;195;0
STEP: 360.46513209397546;286.08228737015736;196;0
STEP: 357.8294742335738;286.4877731948345;197;0
STEP: 355.1938163731722;286.8932590195117;198;0
STEP: 352.55815851277055;287.29874484418883;199;0
STEP: 349.9225006523689;287.704230668866;200;0
STEP: 347.2868427919673;288.10971649354315;201;0
STEP: 344.65118493156564;288.5152023182203;202;0
STEP: 342.015527071164;288.92068814289746;203;0
STEP: 339.37986921076237;289.3261739675746;204;0
STEP: 336.74421135036073;289.7316597922518;205;0
STEP: 334.1085534899591;290.13714561692893;206;0
STEP: 331.47289562955746;290.5426314416061;207;0
STEP: 328.8372377691558;290.94811726628325;208;0
STEP: 326.2015799087542;291.3536030909604;209;0
STEP: 323.56592204835255;291.75908891563756;210;0
STEP: 320.9302641879509;292.1645747403147;211;0
STEP: 318.2946063275493;292.5700605649919;212;0
STEP: 315.65894846714764;292.97554638966903;213;0
STEP: 313.023290606746;293.3810322143462;214;0
STEP: 310.38763274634437;293.78651803902335;215;0
STEP: 307.75197488594273;294.1920038637005;216;0
STEP: 305.1163170255411;294.59748968837766;217;0
STEP: 302.48065916513946;295.0029755130548;218;0
STEP: 299.8450013047378;295.408461337732;219;0
STEP: 297.2093434443362;295.81394716240914;220;0
STEP: 294.57368558393455;296.2194329870863;221;0
STEP: 291.9380277235329;296.62491881176345;222;0
STEP: 289.3023698631313;297.0304046364406;223;0
STEP: 286.66671200272964;297.43589046111776;224;0
STEP: 284.031054142328;297.8413762857949;225;0
STEP: 281.39539628192637;298.2468621104721;226;0
STEP: 278.75973842152473;298.65234793514924;227;0
STEP: 276.1240805611231;299.0578337598264;228;0
STEP: 273.48842270072146;299.46331958450355;229;0
STEP: 270.8527648403198;299.8688054091807;230;0
NEW DIRECTION: Jaworzyna Slaska;Swiebodzice;231;160
STEP: 270.0;300.0;231;0
STEP: 268.24398771235064;302.006871185885;232;0
STEP: 266.4879754247013;304.01374237177004;233;0
STEP: 264.73196313705193;306.02061355765505;234;0
STEP: 262.9759508494026;308.02748474354007;235;0
STEP: 261.2199385617532;310.0343559294251;236;0
STEP: 259.46392627410387;312.0412271153101;237;0
STEP: 257.7079139864545;314.0480983011951;238;0
STEP: 255.95190169880513;316.05496948708014;239;0
STEP: 254.19588941115575;318.06184067296516;240;0
STEP: 252.43987712350636;320.0687118588502;241;0
STEP: 250.68386483585698;322.0755830447352;242;0
STEP: 248.9278525482076;324.0824542306202;243;0
STEP: 247.1718402605582;326.08932541650523;244;0
STEP: 245.41582797290883;328.09619660239025;245;0
STEP: 243.65981568525945;330.10306778827527;246;0
STEP: 241.90380339761006;332.1099389741603;247;0
STEP: 240.14779110996068;334.1168101600453;248;0
STEP: 238.3917788223113;336.1236813459303;249;0
STEP: 236.6357665346619;338.13055253181534;250;0
STEP: 234.87975424701253;340.13742371770036;251;0
STEP: 233.12374195936314;342.1442949035854;252;0
STEP: 231.36772967171376;344.1511660894704;253;0
STEP: 229.61171738406438;346.1580372753554;254;0
STEP: 227.855705096415;348.16490846124043;255;0
STEP: 226.0996928087656;350.17177964712545;256;0
STEP: 224.34368052111623;352.17865083301047;257;0
STEP: 222.58766823346684;354.1855220188955;258;0
STEP: 220.83165594581746;356.1923932047805;259;0
STEP: 219.07564365816808;358.1992643906655;260;0
STEP: 217.3196313705187;360.20613557655054;261;0
STEP: 215.5636190828693;362.21300676243555;262;0
STEP: 213.80760679521993;364.2198779483206;263;0
STEP: 212.05159450757054;366.2267491342056;264;0
STEP: 210.29558221992116;368.2336203200906;265;0
STEP: 208.53956993227177;370.2404915059756;266;0
STEP: 206.7835576446224;372.24736269186064;267;0
STEP: 205.027545356973;374.25423387774566;268;0
STEP: 203.27153306932362;376.2611050636307;269;0
STEP: 201.51552078167424;378.2679762495157;270;0
NEW DIRECTION: Swiebodzice;Walbrzych;271;160
STEP: 200.0;380.0;271;0
STEP: 199.267410325607;382.56406386037554;272;0
STEP: 198.53482065121398;385.1281277207511;273;0
STEP: 197.80223097682097;387.6921915811266;274;0
STEP: 197.06964130242795;390.25625544150216;275;0
STEP: 196.33705162803494;392.8203193018777;276;0
STEP: 195.60446195364193;395.38438316225324;277;0
STEP: 194.87187227924892;397.9484470226288;278;0
STEP: 194.1392826048559;400.5125108830043;279;0
STEP: 193.4066929304629;403.07657474337987;280;0
STEP: 192.67410325606988;405.6406386037554;281;0
STEP: 191.94151358167687;408.20470246413095;282;0
STEP: 191.20892390728386;410.7687663245065;283;0
STEP: 190.47633423289085;413.332830184882;284;0
STEP: 189.74374455849784;415.89689404525757;285;0
STEP: 189.01115488410483;418.4609579056331;286;0
STEP: 188.27856520971181;421.02502176600865;287;0
STEP: 187.5459755353188;423.5890856263842;288;0
STEP: 186.8133858609258;426.15314948675973;289;0
STEP: 186.08079618653278;428.71721334713527;290;0
STEP: 185.34820651213977;431.2812772075108;291;0
STEP: 184.61561683774676;433.84534106788635;292;0
STEP: 183.88302716335374;436.4094049282619;293;0
STEP: 183.15043748896073;438.97346878863743;294;0
STEP: 182.41784781456772;441.537532649013;295;0
STEP: 181.6852581401747;444.1015965093885;296;0
STEP: 180.9526684657817;446.66566036976405;297;0
STEP: 180.2200787913887;449.2297242301396;298;0
NEW DIRECTION: Walbrzych;Jaworzyna Slaska;299;160
STEP: 180.0;450.0;299;0
STEP: 181.37198868114007;447.71335219809987;300;0
STEP: 182.74397736228013;445.42670439619974;301;0
STEP: 184.1159660434202;443.1400565942996;302;0
STEP: 185.48795472456027;440.8534087923995;303;0
STEP: 186.85994340570034;438.56676099049935;304;0
STEP: 188.2319320868404;436.2801131885992;305;0
STEP: 189.60392076798047;433.9934653866991;306;0
STEP: 190.97590944912054;431.70681758479896;307;0
STEP: 192.3478981302606;429.4201697828988;308;0
STEP: 193.71988681140067;427.1335219809987;309;0
STEP: 195.09187549254074;424.84687417909856;310;0
STEP: 196.4638641736808;422.56022637719843;311;0
STEP: 197.83585285482087;420.2735785752983;312;0
STEP: 199.20784153596094;417.98693077339817;313;0
STEP: 200.579830217101;415.70028297149804;314;0
STEP: 201.95181889824107;413.4136351695979;315;0
STEP: 203.32380757938114;411.1269873676978;316;0
STEP: 204.6957962605212;408.84033956579765;317;0
STEP: 206.06778494166127;406.5536917638975;318;0
STEP: 207.43977362280134;404.2670439619974;319;0
STEP: 208.8117623039414;401.98039616009726;320;0
STEP: 210.18375098508147;399.6937483581971;321;0
STEP: 211.55573966622154;397.407100556297;322;0
STEP: 212.9277283473616;395.12045275439687;323;0
STEP: 214.29971702850168;392.83380495249673;324;0
STEP: 215.67170570964174;390.5471571505966;325;0
STEP: 217.0436943907818;388.2605093486965;326;0
STEP: 218.41568307192188;385.97386154679634;327;0
STEP: 219.78767175306194;383.6872137448962;328;0
STEP: 221.159660434202;381.4005659429961;329;0
STEP: 222.53164911534208;379.11391814109595;330;0
STEP: 223.90363779648214;376.8272703391958;331;0
STEP: 225.2756264776222;374.5406225372957;332;0
STEP: 226.64761515876228;372.25397473539556;333;0
STEP: 228.01960383990235;369.9673269334954;334;0
STEP: 229.3915925210424;367.6806791315953;335;0
STEP: 230.76358120218248;365.39403132969517;336;0
STEP: 232.13556988332255;363.10738352779504;337;0
STEP: 233.5075585644626;360.8207357258949;338;0
STEP: 234.87954724560268;358.5340879239948;339;0
STEP: 236.25153592674275;356.24744012209464;340;0
STEP: 237.6235246078828;353.9607923201945;341;0
STEP: 238.99551328902288;351.6741445182944;342;0
STEP: 240.36750197016295;349.38749671639425;343;0
STEP: 241.73949065130302;347.1008489144941;344;0
STEP: 243.11147933244308;344.814201112594;345;0
STEP: 244.48346801358315;342.52755331069386;346;0
STEP: 245.85545669472322;340.24090550879373;347;0
STEP: 247.22744537586328;337.9542577068936;348;0
STEP: 248.59943405700335;335.66760990499347;349;0
STEP: 249.97142273814342;333.38096210309334;350;0
STEP: 251.34341141928348;331.0943143011932;351;0
STEP: 252.71540010042355;328.8076664992931;352;0
STEP: 254.08738878156362;326.52101869739295;353;0
STEP: 255.45937746270369;324.2343708954928;354;0
STEP: 256.83136614384375;321.9477230935927;355;0
STEP: 258.2033548249838;319.66107529169255;356;0
STEP: 259.5753435061239;317.3744274897924;357;0
STEP: 260.94733218726395;315.0877796878923;358;0
STEP: 262.319320868404;312.80113188599216;359;0
STEP: 263.6913095495441;310.51448408409203;360;0
STEP: 265.06329823068415;308.2278362821919;361;0
STEP: 266.4352869118242;305.94118848029177;362;0
STEP: 267.8072755929643;303.65454067839164;363;0
STEP: 269.17926427410436;301.3678928764915;364;0
NEW DIRECTION: Jaworzyna Slaska;Katy Wroclawskie;365;160
STEP: 270.0;300.0;365;0
STEP: 272.63565786040164;299.59451417532284;366;0
STEP: 275.2713157208033;299.1890283506457;367;0
STEP: 277.9069735812049;298.7835425259685;368;0
STEP: 280.54263144160655;298.37805670129137;369;0
STEP: 283.1782893020082;297.9725708766142;370;0
STEP: 285.8139471624098;297.56708505193706;371;0
STEP: 288.44960502281145;297.1615992272599;372;0
STEP: 291.0852628832131;296.75611340258274;373;0
STEP: 293.7209207436147;296.3506275779056;374;0
STEP: 296.35657860401636;295.9451417532284;375;0
STEP: 298.992236464418;295.53965592855127;376;0
STEP: 301.62789432481964;295.1341701038741;377;0
STEP: 304.2635521852213;294.72868427919695;378;0
STEP: 306.8992100456229;294.3231984545198;379;0
STEP: 309.53486790602454;293.91771262984264;380;0
STEP: 312.1705257664262;293.5122268051655;381;0
STEP: 314.8061836268278;293.1067409804883;382;0
STEP: 317.44184148722945;292.70125515581117;383;0
STEP: 320.0774993476311;292.295769331134;384;0
STEP: 322.7131572080327;291.89028350645685;385;0
STEP: 325.34881506843436;291.4847976817797;386;0
STEP: 327.984472928836;291.07931185710254;387;0
STEP: 330.62013078923763;290.6738260324254;388;0
STEP: 333.25578864963927;290.2683402077482;389;0
STEP: 335.8914465100409;289.86285438307107;390;0
STEP: 338.52710437044254;289.4573685583939;391;0
STEP: 341.1627622308442;289.05188273371675;392;0
STEP: 343.7984200912458;288.6463969090396;393;0
STEP: 346.43407795164745;288.24091108436244;394;0
STEP: 349.0697358120491;287.8354252596853;395;0
STEP: 351.7053936724507;287.4299394350081;396;0
STEP: 354.34105153285236;287.02445361033097;397;0
STEP: 356.976709393254;286.6189677856538;398;0
STEP: 359.61236725365563;286.21348196097665;399;0
STEP: 362.24802511405727;285.8079961362995;400;0
STEP: 364.8836829744589;285.40251031162234;401;0
STEP: 367.51934083486054;284.9970244869452;402;0
STEP: 370.1549986952622;284.591538662268;403;0
STEP: 372.7906565556638;284.18605283759086;404;0
STEP: 375.42631441606545;283.7805670129137;405;0
STEP: 378.0619722764671;283.37508118823655;406;0
STEP: 380.6976301368687;282.9695953635594;407;0
STEP: 383.33328799727036;282.56410953888224;408;0
STEP: 385.968945857672;282.1586237142051;409;0
STEP: 388.60460371807363;281.7531378895279;410;0
STEP: 391.24026157847527;281.34765206485076;411;0
STEP: 393.8759194388769;280.9421662401736;412;0
STEP: 396.51157729927854;280.53668041549645;413;0
STEP: 399.1472351596802;280.1311945908193;414;0
NEW DIRECTION: Katy Wroclawskie;Wroclaw;415;160
STEP: 400.0;280.0;415;0
STEP: 402.5542034272564;279.2337389718231;416;0
STEP: 405.10840685451285;278.46747794364614;417;0
STEP: 407.6626102817693;277.7012169154692;418;0
STEP: 410.2168137090257;276.9349558872923;419;0
STEP: 412.7710171362821;276.16869485911536;420;0
STEP: 415.32522056353855;275.40243383093843;421;0
STEP: 417.879423990795;274.6361728027615;422;0
STEP: 420.4336274180514;273.8699117745846;423;0
STEP: 422.9878308453078;273.10365074640765;424;0
STEP: 425.54203427256425;272.3373897182307;425;0
STEP: 428.0962376998207;271.5711286900538;426;0
STEP: 430.6504411270771;270.80486766187687;427;0
STEP: 433.2046445543335;270.03860663369994;428;0
STEP: 435.75884798158995;269.272345605523;429;0
STEP: 438.3130514088464;268.5060845773461;430;0
STEP: 440.8672548361028;267.73982354916916;431;0
STEP: 443.4214582633592;266.97356252099223;432;0
STEP: 445.97566169061565;266.2073014928153;433;0
STEP: 448.5298651178721;265.4410404646384;434;0
STEP: 451.0840685451285;264.67477943646145;435;0
STEP: 453.6382719723849;263.9085184082845;436;0
STEP: 456.19247539964135;263.1422573801076;437;0
STEP: 458.7466788268978;262.37599635193067;438;0
STEP: 461.3008822541542;261.60973532375374;439;0
STEP: 463.8550856814106;260.8434742955768;440;0
STEP: 466.40928910866705;260.0772132673999;441;0
STEP: 468.9634925359235;259.31095223922296;442;0
STEP: 471.5176959631799;258.54469121104603;443;0
STEP: 474.07189939043633;257.7784301828691;444;0
STEP: 476.62610281769275;257.0121691546922;445;0
STEP: 479.1803062449492;256.24590812651525;446;0
STEP: 481.7345096722056;255.47964709833832;447;0
STEP: 484.28871309946203;254.7133860701614;448;0
STEP: 486.84291652671845;253.94712504198446;449;0
STEP: 489.3971199539749;253.18086401380754;450;0
STEP: 491.9513233812313;252.4146029856306;451;0
STEP: 494.50552680848773;251.64834195745368;452;0
STEP: 497.05973023574415;250.88208092927675;453;0
STEP: 499.6139336630006;250.11581990109983;454;0
(!) END OF ROUTE: 47;455;408;Wroclaw
