START: Dzierzoniow Slaski;Swidnica;7;80;26;-1
STEP: 329.57836297864424;448.73508893593265;0;0
STEP: 329.1567259572885;447.4701778718653;1;0
STEP: 328.7350889359327;446.20526680779795;2;0
STEP: 328.31345191457694;444.9403557437306;3;0
STEP: 327.8918148932212;443.67544467966326;4;0
STEP: 327.4701778718654;442.4105336155959;5;0
STEP: 327.04854085050965;441.14562255152856;6;0
STEP: 326.6269038291539;439.8807114874612;7;0
STEP: 326.2052668077981;438.61580042339386;8;0
STEP: 325.78362978644236;437.3508893593265;9;0
STEP: 325.3619927650866;436.08597829525917;10;0
STEP: 324.94035574373083;434.8210672311918;11;0
STEP: 324.51871872237507;433.55615616712447;12;0
STEP: 324.0970817010193;432.2912451030571;13;0
STEP: 323.67544467966354;431.0263340389898;14;0
STEP: 323.2538076583078;429.7614229749224;15;0
STEP: 322.832170636952;428.4965119108551;16;0
STEP: 322.41053361559625;427.2316008467877;17;0
STEP: 321.9888965942405;425.9666897827204;18;0
STEP: 321.5672595728847;424.70177871865303;19;0
STEP: 321.14562255152896;423.4368676545857;20;0
STEP: 320.7239855301732;422.17195659051833;21;0
STEP: 320.30234850881743;420.907045526451;22;0
STEP: 319.88071148746167;419.64213446238364;23;0
STEP: 319.4590744661059;418.3772233983163;24;0
STEP: 319.03743744475014;417.11231233424894;25;0
STEP: 318.6158004233944;415.8474012701816;26;0
STEP: 318.1941634020386;414.58249020611424;27;0
STEP: 317.77252638068285;413.3175791420469;28;0
STEP: 317.3508893593271;412.05266807797955;29;0
STEP: 316.9292523379713;410.7877570139122;30;0
STEP: 316.50761531661556;409.52284594984485;31;0
STEP: 316.0859782952598;408.2579348857775;32;0
STEP: 315.66434127390403;406.99302382171015;33;0
STEP: 315.24270425254826;405.7281127576428;34;0
STEP: 314.8210672311925;404.46320169357546;35;0
STEP: 314.39943020983674;403.1982906295081;36;0
STEP: 313.977793188481;401.93337956544076;37;0
STEP: 313.5561561671252;400.6684685013734;38;0
STEP: 313.13451914576945;399.40355743730606;39;0
STEP: 312.7128821244137;398.1386463732387;40;0
STEP: 312.2912451030579;396.87373530917137;41;0
STEP: 311.86960808170215;395.608824245104;42;0
STEP: 311.4479710603464;394.34391318103667;43;0
STEP: 311.0263340389906;393.0790021169693;44;0
STEP: 310.60469701763486;391.814091052902;45;0
STEP: 310.1830599962791;390.5491799888346;46;0
NEW DIRECTION: Swidnica;Jaworzyna Slaska;47;80
STEP: 310.0;390.0;47;0
STEP: 309.4584820452621;388.78158460183965;48;0
STEP: 308.9169640905242;387.5631692036793;49;0
STEP: 308.37544613578626;386.34475380551896;50;0
STEP: 307.83392818104835;385.1263384073586;51;0
STEP: 307.29241022631044;383.90792300919827;52;0
STEP: 306.7508922715725;382.6895076110379;53;0
STEP: 306.2093743168346;381.4710922128776;54;0
STEP: 305.6678563620967;380.25267681471723;55;0
STEP: 305.1263384073588;379.0342614165569;56;0
STEP: 304.5848204526209;377.81584601839654;57;0
STEP: 304.04330249788296;376.5974306202362;58;0
STEP: 303.50178454314505;375.37901522207585;59;0
STEP: 302.96026658840714;374.1605998239155;60;0
STEP: 302.4187486336692;372.94218442575516;61;0
STEP: 301.8772306789313;371.7237690275948;62;0
STEP: 301.3357127241934;370.50535362943447;63;0
STEP: 300.7941947694555;369.2869382312741;64;0
STEP: 300.2526768147176;368.0685228331138;65;0
STEP: 299.71115885997966;366.85010743495343;66;0
STEP: 299.16964090524175;365.6316920367931;67;0
STEP: 298.62812295050384;364.41327663863274;68;0
STEP: 298.0866049957659;363.1948612404724;69;0
STEP: 297.545087041028;361.97644584231205;70;0
STEP: 297.0035690862901;360.7580304441517;71;0
STEP: 296.4620511315522;359.53961504599135;72;0
STEP: 295.9205331768143;358.321199647831;73;0
STEP: 295.37901522207636;357.10278424967066;74;0
STEP: 294.83749726733845;355.8843688515103;75;0
STEP: 294.29597931260054;354.66595345334997;76;0
STEP: 293.7544613578626;353.4475380551896;77;0
STEP: 293.2129434031247;352.2291226570293;78;0
STEP: 292.6714254483868;351.01070725886893;79;0
STEP: 292.1299074936489;349.7922918607086;80;0
STEP: 291.588389538911;348.57387646254824;81;0
STEP: 291.04687158417306;347.3554610643879;82;0
STEP: 290.50535362943515;346.13704566622755;83;0
STEP: 289.96383567469724;344.9186302680672;84;0
STEP: 289.4223177199593;343.70021486990686;85;0
STEP: 288.8807997652214;342.4817994717465;86;0
STEP: 288.3392818104835;341.26338407358617;87;0
STEP: 287.7977638557456;340.0449686754258;88;0
STEP: 287.2562459010077;338.8265532772655;89;0
STEP: 286.71472794626976;337.60813787910513;90;0
STEP: 286.17320999153185;336.3897224809448;91;0
STEP: 285.63169203679394;335.17130708278444;92;0
STEP: 285.090174082056;333.9528916846241;93;0
STEP: 284.5486561273181;332.73447628646375;94;0
STEP: 284.0071381725802;331.5160608883034;95;0
STEP: 283.4656202178423;330.29764549014305;96;0
STEP: 282.9241022631044;329.0792300919827;97;0
STEP: 282.38258430836646;327.86081469382236;98;0
STEP: 281.84106635362855;326.642399295662;99;0
STEP: 281.29954839889064;325.42398389750167;100;0
STEP: 280.7580304441527;324.2055684993413;101;0
STEP: 280.2165124894148;322.987153101181;102;0
STEP: 279.6749945346769;321.76873770302063;103;0
STEP: 279.133476579939;320.5503223048603;104;0
STEP: 278.5919586252011;319.33190690669994;105;0
STEP: 278.05044067046316;318.1134915085396;106;0
STEP: 277.50892271572525;316.89507611037925;107;0
STEP: 276.96740476098734;315.6766607122189;108;0
STEP: 276.4258868062494;314.45824531405856;109;0
STEP: 275.8843688515115;313.2398299158982;110;0
STEP: 275.3428508967736;312.02141451773787;111;0
STEP: 274.8013329420357;310.8029991195775;112;0
STEP: 274.2598149872978;309.5845837214172;113;0
STEP: 273.71829703255986;308.36616832325683;114;0
STEP: 273.17677907782195;307.1477529250965;115;0
STEP: 272.63526112308404;305.92933752693614;116;0
STEP: 272.0937431683461;304.7109221287758;117;0
STEP: 271.5522252136082;303.49250673061545;118;0
STEP: 271.0107072588703;302.2740913324551;119;0
STEP: 270.4691893041324;301.05567593429475;120;0
NEW DIRECTION: Jaworzyna Slaska;Swidnica;121;80
STEP: 270.0;300.0;121;0
STEP: 270.5415179547379;301.21841539816035;122;0
STEP: 271.0830359094758;302.4368307963207;123;0
STEP: 271.62455386421374;303.65524619448104;124;0
STEP: 272.16607181895165;304.8736615926414;125;0
STEP: 272.70758977368956;306.09207699080173;126;0
STEP: 273.2491077284275;307.3104923889621;127;0
STEP: 273.7906256831654;308.5289077871224;128;0
STEP: 274.3321436379033;309.74732318528277;129;0
STEP: 274.8736615926412;310.9657385834431;130;0
STEP: 275.4151795473791;312.18415398160346;131;0
STEP: 275.95669750211704;313.4025693797638;132;0
STEP: 276.49821545685495;314.62098477792415;133;0
STEP: 277.03973341159286;315.8394001760845;134;0
STEP: 277.5812513663308;317.05781557424484;135;0
STEP: 278.1227693210687;318.2762309724052;136;0
STEP: 278.6642872758066;319.49464637056553;137;0
STEP: 279.2058052305445;320.7130617687259;138;0
STEP: 279.7473231852824;321.9314771668862;139;0
STEP: 280.28884114002034;323.14989256504657;140;0
STEP: 280.83035909475825;324.3683079632069;141;0
STEP: 281.37187704949616;325.58672336136726;142;0
STEP: 281.9133950042341;326.8051387595276;143;0
STEP: 282.454912958972;328.02355415768795;144;0
STEP: 282.9964309137099;329.2419695558483;145;0
STEP: 283.5379488684478;330.46038495400865;146;0
STEP: 284.0794668231857;331.678800352169;147;0
STEP: 284.62098477792364;332.89721575032934;148;0
STEP: 285.16250273266155;334.1156311484897;149;0
STEP: 285.70402068739946;335.33404654665003;150;0
STEP: 286.2455386421374;336.5524619448104;151;0
STEP: 286.7870565968753;337.7708773429707;152;0
STEP: 287.3285745516132;338.98929274113107;153;0
STEP: 287.8700925063511;340.2077081392914;154;0
STEP: 288.411610461089;341.42612353745176;155;0
STEP: 288.95312841582694;342.6445389356121;156;0
STEP: 289.49464637056485;343.86295433377245;157;0
STEP: 290.03616432530276;345.0813697319328;158;0
STEP: 290.5776822800407;346.29978513009314;159;0
STEP: 291.1192002347786;347.5182005282535;160;0
STEP: 291.6607181895165;348.73661592641383;161;0
STEP: 292.2022361442544;349.9550313245742;162;0
STEP: 292.7437540989923;351.1734467227345;163;0
STEP: 293.28527205373024;352.39186212089487;164;0
STEP: 293.82679000846815;353.6102775190552;165;0
STEP: 294.36830796320606;354.82869291721556;166;0
STEP: 294.909825917944;356.0471083153759;167;0
STEP: 295.4513438726819;357.26552371353625;168;0
STEP: 295.9928618274198;358.4839391116966;169;0
STEP: 296.5343797821577;359.70235450985695;170;0
STEP: 297.0758977368956;360.9207699080173;171;0
STEP: 297.61741569163354;362.13918530617764;172;0
STEP: 298.15893364637145;363.357600704338;173;0
STEP: 298.70045160110936;364.57601610249833;174;0
STEP: 299.2419695558473;365.7944315006587;175;0
STEP: 299.7834875105852;367.012846898819;176;0
STEP: 300.3250054653231;368.23126229697937;177;0
STEP: 300.866523420061;369.4496776951397;178;0
STEP: 301.4080413747989;370.66809309330006;179;0
STEP: 301.94955932953684;371.8865084914604;180;0
STEP: 302.49107728427475;373.10492388962075;181;0
STEP: 303.03259523901266;374.3233392877811;182;0
STEP: 303.5741131937506;375.54175468594144;183;0
STEP: 304.1156311484885;376.7601700841018;184;0
STEP: 304.6571491032264;377.97858548226213;185;0
STEP: 305.1986670579643;379.1970008804225;186;0
STEP: 305.7401850127022;380.4154162785828;187;0
STEP: 306.28170296744014;381.63383167674317;188;0
STEP: 306.82322092217805;382.8522470749035;189;0
STEP: 307.36473887691596;384.07066247306386;190;0
STEP: 307.9062568316539;385.2890778712242;191;0
STEP: 308.4477747863918;386.50749326938455;192;0
STEP: 308.9892927411297;387.7259086675449;193;0
STEP: 309.5308106958676;388.94432406570525;194;0
NEW DIRECTION: Swidnica;Dzierzoniow Slaski;195;80
STEP: 310.0;390.0;195;0
STEP: 310.42163702135576;391.26491106406735;196;0
STEP: 310.8432740427115;392.5298221281347;197;0
STEP: 311.2649110640673;393.79473319220205;198;0
STEP: 311.68654808542306;395.0596442562694;199;0
STEP: 312.1081851067788;396.32455532033674;200;0
STEP: 312.5298221281346;397.5894663844041;201;0
STEP: 312.95145914949035;398.85437744847144;202;0
STEP: 313.3730961708461;400.1192885125388;203;0
STEP: 313.7947331922019;401.38419957660614;204;0
STEP: 314.21637021355764;402.6491106406735;205;0
STEP: 314.6380072349134;403.91402170474083;206;0
STEP: 315.05964425626917;405.1789327688082;207;0
STEP: 315.48128127762493;406.44384383287553;208;0
STEP: 315.9029182989807;407.7087548969429;209;0
STEP: 316.32455532033646;408.9736659610102;210;0
STEP: 316.7461923416922;410.2385770250776;211;0
STEP: 317.167829363048;411.5034880891449;212;0
STEP: 317.58946638440375;412.7683991532123;213;0
STEP: 318.0111034057595;414.0333102172796;214;0
STEP: 318.4327404271153;415.29822128134697;215;0
STEP: 318.85437744847104;416.5631323454143;216;0
STEP: 319.2760144698268;417.82804340948167;217;0
STEP: 319.69765149118257;419.092954473549;218;0
STEP: 320.11928851253833;420.35786553761636;219;0
STEP: 320.5409255338941;421.6227766016837;220;0
STEP: 320.96256255524986;422.88768766575106;221;0
STEP: 321.3841995766056;424.1525987298184;222;0
STEP: 321.8058365979614;425.41750979388576;223;0
STEP: 322.22747361931715;426.6824208579531;224;0
STEP: 322.6491106406729;427.94733192202045;225;0
STEP: 323.0707476620287;429.2122429860878;226;0
STEP: 323.49238468338444;430.47715405015515;227;0
STEP: 323.9140217047402;431.7420651142225;228;0
STEP: 324.33565872609597;433.00697617828985;229;0
STEP: 324.75729574745174;434.2718872423572;230;0
STEP: 325.1789327688075;435.53679830642454;231;0
STEP: 325.60056979016326;436.8017093704919;232;0
STEP: 326.022206811519;438.06662043455924;233;0
STEP: 326.4438438328748;439.3315314986266;234;0
STEP: 326.86548085423055;440.59644256269394;235;0
STEP: 327.2871178755863;441.8613536267613;236;0
STEP: 327.7087548969421;443.12626469082863;237;0
STEP: 328.13039191829785;444.391175754896;238;0
STEP: 328.5520289396536;445.65608681896333;239;0
STEP: 328.9736659610094;446.9209978830307;240;0
STEP: 329.39530298236514;448.185908947098;241;0
STEP: 329.8169400037209;449.4508200111654;242;0
(!) END OF ROUTE: 26;243;217;Dzierzoniow Slaski
