START: Rawicz;Wroclaw;12;160;27;-1
STEP: 460.4770278352;32.623653093599756;0;0
STEP: 460.95405567039995;35.24730618719951;1;0
STEP: 461.43108350559993;37.87095928079927;2;0
STEP: 461.9081113407999;40.494612374399026;3;0
STEP: 462.3851391759999;43.11826546799878;4;0
STEP: 462.86216701119986;45.74191856159854;5;0
STEP: 463.33919484639983;48.365571655198295;6;0
STEP: 463.8162226815998;50.98922474879805;7;0
STEP: 464.2932505167998;53.61287784239781;8;0
STEP: 464.77027835199976;56.236530935997564;9;0
STEP: 465.24730618719974;58.86018402959732;10;0
STEP: 465.7243340223997;61.48383712319708;11;0
STEP: 466.2013618575997;64.10749021679683;12;0
STEP: 466.67838969279967;66.73114331039659;13;0
STEP: 467.15541752799965;69.35479640399635;14;0
STEP: 467.6324453631996;71.9784494975961;15;0
STEP: 468.1094731983996;74.60210259119586;16;0
STEP: 468.5865010335996;77.22575568479562;17;0
STEP: 469.06352886879955;79.84940877839537;18;0
STEP: 469.5405567039995;82.47306187199513;19;0
STEP: 470.0175845391995;85.09671496559488;20;0
STEP: 470.4946123743995;87.72036805919464;21;0
STEP: 470.97164020959946;90.3440211527944;22;0
STEP: 471.44866804479943;92.96767424639415;23;0
STEP: 471.9256958799994;95.59132733999391;24;0
STEP: 472.4027237151994;98.21498043359367;25;0
STEP: 472.87975155039936;100.83863352719342;26;0
STEP: 473.35677938559934;103.46228662079318;27;0
STEP: 473.8338072207993;106.08593971439294;28;0
STEP: 474.3108350559993;108.70959280799269;29;0
STEP: 474.78786289119927;111.33324590159245;30;0
STEP: 475.26489072639924;113.9568989951922;31;0
STEP: 475.7419185615992;116.58055208879196;32;0
STEP: 476.2189463967992;119.20420518239172;33;0
STEP: 476.6959742319992;121.82785827599147;34;0
STEP: 477.17300206719915;124.45151136959123;35;0
STEP: 477.6500299023991;127.07516446319099;36;0
STEP: 478.1270577375991;129.69881755679074;37;0
STEP: 478.6040855727991;132.3224706503905;38;0
STEP: 479.08111340799906;134.94612374399026;39;0
STEP: 479.55814124319903;137.56977683759;40;0
STEP: 480.035169078399;140.19342993118977;41;0
STEP: 480.512196913599;142.81708302478953;42;0
STEP: 480.98922474879896;145.44073611838928;43;0
STEP: 481.46625258399894;148.06438921198904;44;0
STEP: 481.9432804191989;150.6880423055888;45;0
STEP: 482.4203082543989;153.31169539918855;46;0
STEP: 482.89733608959887;155.9353484927883;47;0
STEP: 483.37436392479884;158.55900158638806;48;0
STEP: 483.8513917599988;161.18265467998782;49;0
STEP: 484.3284195951988;163.80630777358758;50;0
STEP: 484.8054474303988;166.42996086718733;51;0
STEP: 485.28247526559875;169.0536139607871;52;0
STEP: 485.7595031007987;171.67726705438685;53;0
STEP: 486.2365309359987;174.3009201479866;54;0
STEP: 486.7135587711987;176.92457324158636;55;0
STEP: 487.19058660639865;179.54822633518611;56;0
STEP: 487.66761444159863;182.17187942878587;57;0
STEP: 488.1446422767986;184.79553252238563;58;0
STEP: 488.6216701119986;187.41918561598538;59;0
STEP: 489.09869794719856;190.04283870958514;60;0
STEP: 489.57572578239854;192.6664918031849;61;0
STEP: 490.0527536175985;195.29014489678465;62;0
STEP: 490.5297814527985;197.9137979903844;63;0
STEP: 491.00680928799846;200.53745108398417;64;0
STEP: 491.48383712319844;203.16110417758392;65;0
STEP: 491.9608649583984;205.78475727118368;66;0
STEP: 492.4378927935984;208.40841036478344;67;0
STEP: 492.91492062879837;211.0320634583832;68;0
STEP: 493.39194846399835;213.65571655198295;69;0
STEP: 493.8689762991983;216.2793696455827;70;0
STEP: 494.3460041343983;218.90302273918246;71;0
STEP: 494.8230319695983;221.52667583278222;72;0
STEP: 495.30005980479825;224.15032892638197;73;0
STEP: 495.77708763999823;226.77398201998173;74;0
STEP: 496.2541154751982;229.3976351135815;75;0
STEP: 496.7311433103982;232.02128820718124;76;0
STEP: 497.20817114559816;234.644941300781;77;0
STEP: 497.68519898079813;237.26859439438076;78;0
STEP: 498.1622268159981;239.8922474879805;79;0
STEP: 498.6392546511981;242.51590058158027;80;0
STEP: 499.11628248639806;245.13955367518003;81;0
STEP: 499.59331032159804;247.76320676877978;82;0
NEW DIRECTION: Wroclaw;Oborniki;83;160
STEP: 500.0;250.0;83;0
STEP: 499.4770236396315;247.38511819815756;84;0
STEP: 498.954047279263;244.7702363963151;85;0
STEP: 498.43107091889453;242.15535459447267;86;0
STEP: 497.90809455852605;239.54047279263023;87;0
STEP: 497.38511819815756;236.92559099078778;88;0
STEP: 496.86214183778907;234.31070918894534;89;0
STEP: 496.3391654774206;231.6958273871029;90;0
STEP: 495.8161891170521;229.08094558526045;91;0
STEP: 495.2932127566836;226.466063783418;92;0
STEP: 494.7702363963151;223.85118198157556;93;0
STEP: 494.2472600359466;221.23630017973312;94;0
STEP: 493.72428367557814;218.62141837789068;95;0
STEP: 493.20130731520965;216.00653657604823;96;0
STEP: 492.67833095484116;213.3916547742058;97;0
STEP: 492.15535459447267;210.77677297236335;98;0
STEP: 491.6323782341042;208.1618911705209;99;0
STEP: 491.1094018737357;205.54700936867846;100;0
STEP: 490.5864255133672;202.93212756683602;101;0
STEP: 490.0634491529987;200.31724576499357;102;0
NEW DIRECTION: Oborniki;Zmigrod;103;160
STEP: 490.0;200.0;103;0
STEP: 489.4770236396315;197.38511819815756;104;0
STEP: 488.954047279263;194.7702363963151;105;0
STEP: 488.43107091889453;192.15535459447267;106;0
STEP: 487.90809455852605;189.54047279263023;107;0
STEP: 487.38511819815756;186.92559099078778;108;0
STEP: 486.86214183778907;184.31070918894534;109;0
STEP: 486.3391654774206;181.6958273871029;110;0
STEP: 485.8161891170521;179.08094558526045;111;0
STEP: 485.2932127566836;176.466063783418;112;0
STEP: 484.7702363963151;173.85118198157556;113;0
STEP: 484.2472600359466;171.23630017973312;114;0
STEP: 483.72428367557814;168.62141837789068;115;0
STEP: 483.20130731520965;166.00653657604823;116;0
STEP: 482.67833095484116;163.3916547742058;117;0
STEP: 482.15535459447267;160.77677297236335;118;0
STEP: 481.6323782341042;158.1618911705209;119;0
STEP: 481.1094018737357;155.54700936867846;120;0
STEP: 480.5864255133672;152.93212756683602;121;0
STEP: 480.0634491529987;150.31724576499357;122;0
STEP: 479.5404727926302;147.70236396315113;123;0
STEP: 479.01749643226174;145.08748216130869;124;0
STEP: 478.49452007189325;142.47260035946624;125;0
STEP: 477.97154371152476;139.8577185576238;126;0
STEP: 477.44856735115627;137.24283675578135;127;0
STEP: 476.9255909907878;134.6279549539389;128;0
STEP: 476.4026146304193;132.01307315209647;129;0
STEP: 475.8796382700508;129.39819135025402;130;0
STEP: 475.3566619096823;126.78330954841157;131;0
STEP: 474.8336855493138;124.16842774656911;132;0
STEP: 474.31070918894534;121.55354594472665;133;0
STEP: 473.78773282857685;118.93866414288419;134;0
STEP: 473.26475646820836;116.32378234104173;135;0
STEP: 472.7417801078399;113.70890053919928;136;0
STEP: 472.2188037474714;111.09401873735682;137;0
STEP: 471.6958273871029;108.47913693551436;138;0
STEP: 471.1728510267344;105.8642551336719;139;0
STEP: 470.6498746663659;103.24937333182945;140;0
STEP: 470.12689830599743;100.63449152998699;141;0
NEW DIRECTION: Zmigrod;Rawicz;142;160
STEP: 470.0;100.0;142;0
STEP: 469.62287638336716;97.36013468357022;143;0
STEP: 469.2457527667343;94.72026936714045;144;0
STEP: 468.86862915010147;92.08040405071067;145;0
STEP: 468.4915055334686;89.44053873428089;146;0
STEP: 468.1143819168358;86.80067341785112;147;0
STEP: 467.73725830020294;84.16080810142134;148;0
STEP: 467.3601346835701;81.52094278499156;149;0
STEP: 466.98301106693725;78.88107746856178;150;0
STEP: 466.6058874503044;76.24121215213201;151;0
STEP: 466.22876383367156;73.60134683570223;152;0
STEP: 465.8516402170387;70.96148151927245;153;0
STEP: 465.4745166004059;68.32161620284268;154;0
STEP: 465.09739298377303;65.6817508864129;155;0
STEP: 464.7202693671402;63.04188556998312;156;0
STEP: 464.34314575050735;60.402020253553346;157;0
STEP: 463.9660221338745;57.76215493712357;158;0
STEP: 463.58889851724166;55.12228962069379;159;0
STEP: 463.2117749006088;52.482424304264015;160;0
STEP: 462.834651283976;49.84255898783424;161;0
STEP: 462.45752766734313;47.20269367140446;162;0
STEP: 462.0804040507103;44.562828354974684;163;0
STEP: 461.70328043407744;41.92296303854491;164;0
STEP: 461.3261568174446;39.28309772211513;165;0
STEP: 460.94903320081175;36.64323240568535;166;0
STEP: 460.5719095841789;34.003367089255576;167;0
STEP: 460.19478596754607;31.3635017728258;168;0
NEW DIRECTION: Rawicz;Oborniki;169;160
STEP: 460.0;30.0;169;0
STEP: 460.46342755709077;32.626089490181165;170;0
STEP: 460.92685511418154;35.25217898036233;171;0
STEP: 461.3902826712723;37.878268470543496;172;0
STEP: 461.85371022836307;40.50435796072466;173;0
STEP: 462.31713778545384;43.13044745090583;174;0
STEP: 462.7805653425446;45.75653694108699;175;0
STEP: 463.2439928996354;48.38262643126816;176;0
STEP: 463.70742045672614;51.00871592144932;177;0
STEP: 464.1708480138169;53.63480541163049;178;0
STEP: 464.6342755709077;56.26089490181165;179;0
STEP: 465.09770312799844;58.88698439199282;180;0
STEP: 465.5611306850892;61.513073882173984;181;0
STEP: 466.02455824218;64.13916337235514;182;0
STEP: 466.48798579927075;66.7652528625363;183;0
STEP: 466.9514133563615;69.39134235271746;184;0
STEP: 467.4148409134523;72.01743184289862;185;0
STEP: 467.87826847054305;74.64352133307978;186;0
STEP: 468.3416960276338;77.26961082326093;187;0
STEP: 468.8051235847246;79.89570031344209;188;0
STEP: 469.26855114181535;82.52178980362325;189;0
STEP: 469.7319786989061;85.14787929380441;190;0
STEP: 470.1954062559969;87.77396878398557;191;0
STEP: 470.65883381308765;90.40005827416672;192;0
STEP: 471.1222613701784;93.02614776434788;193;0
STEP: 471.5856889272692;95.65223725452904;194;0
STEP: 472.04911648435996;98.2783267447102;195;0
STEP: 472.5125440414507;100.90441623489136;196;0
STEP: 472.9759715985415;103.53050572507252;197;0
STEP: 473.43939915563226;106.15659521525367;198;0
STEP: 473.902826712723;108.78268470543483;199;0
STEP: 474.3662542698138;111.40877419561599;200;0
STEP: 474.82968182690456;114.03486368579715;201;0
STEP: 475.29310938399533;116.6609531759783;202;0
STEP: 475.7565369410861;119.28704266615946;203;0
STEP: 476.21996449817686;121.91313215634062;204;0
STEP: 476.68339205526763;124.53922164652178;205;0
STEP: 477.1468196123584;127.16531113670294;206;0
STEP: 477.61024716944917;129.7914006268841;207;0
STEP: 478.07367472653993;132.41749011706526;208;0
STEP: 478.5371022836307;135.04357960724641;209;0
STEP: 479.00052984072147;137.66966909742757;210;0
STEP: 479.46395739781224;140.29575858760873;211;0
STEP: 479.927384954903;142.9218480777899;212;0
STEP: 480.3908125119938;145.54793756797105;213;0
STEP: 480.85424006908454;148.1740270581522;214;0
STEP: 481.3176676261753;150.80011654833336;215;0
STEP: 481.7810951832661;153.42620603851452;216;0
STEP: 482.24452274035684;156.05229552869568;217;0
STEP: 482.7079502974476;158.67838501887684;218;0
STEP: 483.1713778545384;161.304474509058;219;0
STEP: 483.63480541162915;163.93056399923915;220;0
STEP: 484.0982329687199;166.5566534894203;221;0
STEP: 484.5616605258107;169.18274297960147;222;0
STEP: 485.02508808290145;171.80883246978263;223;0
STEP: 485.4885156399922;174.4349219599638;224;0
STEP: 485.951943197083;177.06101145014495;225;0
STEP: 486.41537075417375;179.6871009403261;226;0
STEP: 486.8787983112645;182.31319043050726;227;0
STEP: 487.3422258683553;184.93927992068842;228;0
STEP: 487.80565342544605;187.56536941086958;229;0
STEP: 488.2690809825368;190.19145890105074;230;0
STEP: 488.7325085396276;192.8175483912319;231;0
STEP: 489.19593609671836;195.44363788141305;232;0
STEP: 489.6593636538091;198.0697273715942;233;0
NEW DIRECTION: Oborniki;Wroclaw;234;160
STEP: 490.0;200.0;234;0
STEP: 490.5229763603685;202.61488180184244;235;0
STEP: 491.045952720737;205.2297636036849;236;0
STEP: 491.56892908110547;207.84464540552733;237;0
STEP: 492.09190544147395;210.45952720736977;238;0
STEP: 492.61488180184244;213.07440900921222;239;0
STEP: 493.13785816221093;215.68929081105466;240;0
STEP: 493.6608345225794;218.3041726128971;241;0
STEP: 494.1838108829479;220.91905441473955;242;0
STEP: 494.7067872433164;223.533936216582;243;0
STEP: 495.2297636036849;226.14881801842444;244;0
STEP: 495.7527399640534;228.76369982026688;245;0
STEP: 496.27571632442186;231.37858162210932;246;0
STEP: 496.79869268479035;233.99346342395177;247;0
STEP: 497.32166904515884;236.6083452257942;248;0
STEP: 497.84464540552733;239.22322702763665;249;0
STEP: 498.3676217658958;241.8381088294791;250;0
STEP: 498.8905981262643;244.45299063132154;251;0
STEP: 499.4135744866328;247.06787243316398;252;0
STEP: 499.9365508470013;249.68275423500643;253;0
(!) END OF ROUTE: 27;254;227;Wroclaw
